[gd_scene load_steps=42 format=2]

[ext_resource path="res://Models/CatHuman/CatHuman_Skeleton.dae" type="PackedScene" id=1]
[ext_resource path="res://Scripts/EnableRagdoll.gd" type="Script" id=2]
[ext_resource path="res://Materials/CatHuman/CatHuman_BoneTest.tres" type="Material" id=3]
[ext_resource path="res://Scripts/Cat.gd" type="Script" id=4]
[ext_resource path="res://Materials/CatHuman/Cat.tres" type="Material" id=5]
[ext_resource path="res://Scenes/Cats/Cat.tscn" type="PackedScene" id=6]
[ext_resource path="res://Models/CatHuman/Hat.obj" type="ArrayMesh" id=7]
[ext_resource path="res://Scripts/CatDiscarder.gd" type="Script" id=8]
[ext_resource path="res://Models/CatHuman/Sunglasses.obj" type="ArrayMesh" id=9]

[sub_resource type="CapsuleShape" id=1]
radius = 0.0719093
height = 0.575275

[sub_resource type="CapsuleShape" id=2]
radius = 0.00305143
height = 0.0244114

[sub_resource type="CapsuleShape" id=3]
radius = 0.00668168
height = 0.0534534

[sub_resource type="CapsuleShape" id=4]
radius = 0.0294836
height = 0.235869

[sub_resource type="CapsuleShape" id=5]
radius = 0.03142
height = 0.25136

[sub_resource type="CapsuleShape" id=6]
radius = 0.00978011
height = 0.0782409

[sub_resource type="CapsuleShape" id=7]
radius = 0.0294836
height = 0.235869

[sub_resource type="CapsuleShape" id=8]
radius = 0.03142
height = 0.25136

[sub_resource type="CapsuleShape" id=9]
radius = 0.00978012
height = 0.0782409

[sub_resource type="CapsuleShape" id=10]
radius = 0.00726718
height = 0.0581375

[sub_resource type="CapsuleShape" id=11]
radius = 0.00772115
height = 0.0617692

[sub_resource type="CapsuleShape" id=12]
radius = 0.0145906
height = 0.116724

[sub_resource type="CapsuleShape" id=13]
radius = 0.00864569
height = 0.0691656

[sub_resource type="CapsuleShape" id=14]
radius = 0.0171281
height = 0.137024

[sub_resource type="CapsuleShape" id=15]
radius = 0.0182087
height = 0.14567

[sub_resource type="CapsuleShape" id=16]
radius = 0.0086457
height = 0.0691656

[sub_resource type="CapsuleShape" id=17]
radius = 0.017128
height = 0.137024

[sub_resource type="CapsuleShape" id=18]
radius = 0.0182088
height = 0.14567

[sub_resource type="CapsuleShape" id=19]
radius = 0.00539465
height = 0.0431572

[sub_resource type="CylinderShape" id=20]
radius = 0.131752
height = 0.0926904

[sub_resource type="BoxShape" id=32]
extents = Vector3( 0.085916, 0.0319746, 0.0750041 )

[sub_resource type="BoxShape" id=21]
extents = Vector3( 0.114987, 0.11502, 0.160594 )

[sub_resource type="AnimationNodeTimeScale" id=22]

[sub_resource type="AnimationNodeAnimation" id=23]
animation = "Walk_Forward2-loop"

[sub_resource type="AnimationNodeAnimation" id=24]
animation = "Walk_Forward2-loop"

[sub_resource type="AnimationNodeAnimation" id=25]
animation = "Walk_Left-loop"

[sub_resource type="AnimationNodeAnimation" id=26]
animation = "Walk_Right-loop"

[sub_resource type="AnimationNodeAnimation" id=27]
animation = "Idle-loop"

[sub_resource type="AnimationNodeBlendSpace2D" id=28]
blend_point_0/node = SubResource( 23 )
blend_point_0/pos = Vector2( 0, 1 )
blend_point_1/node = SubResource( 24 )
blend_point_1/pos = Vector2( 0, -1 )
blend_point_2/node = SubResource( 25 )
blend_point_2/pos = Vector2( -1, 0 )
blend_point_3/node = SubResource( 26 )
blend_point_3/pos = Vector2( 1, 0 )
blend_point_4/node = SubResource( 27 )
blend_point_4/pos = Vector2( 0, 0 )

[sub_resource type="AnimationNodeBlendTree" id=29]
graph_offset = Vector2( -663, 85 )
nodes/Speed/node = SubResource( 22 )
nodes/Speed/position = Vector2( 80, 140 )
nodes/WalkDirection/node = SubResource( 28 )
nodes/WalkDirection/position = Vector2( -140, 120 )
node_connections = [ "output", 0, "Speed", "Speed", 0, "WalkDirection" ]

[sub_resource type="AnimationNodeStateMachine" id=30]
states/Root/node = SubResource( 29 )
states/Root/position = Vector2( 527, 102 )
start_node = "Root"

[sub_resource type="AnimationNodeStateMachinePlayback" id=31]

[node name="CatHuman_Skeleton" instance=ExtResource( 1 )]
script = ExtResource( 8 )

[node name="Skeleton" parent="Human_Bomes" index="0"]
bones/2/bound_children = [ NodePath("Hip") ]
bones/3/bound_children = [ NodePath("ThighL") ]
bones/4/bound_children = [ NodePath("CalfL") ]
bones/5/bound_children = [ NodePath("FootL") ]
bones/7/bound_children = [ NodePath("ThighR") ]
bones/8/bound_children = [ NodePath("CalfR") ]
bones/9/bound_children = [ NodePath("FootR") ]
bones/12/bound_children = [ NodePath("Spine2") ]
bones/13/bound_children = [ NodePath("Spine3") ]
bones/15/bound_children = [ NodePath("BicepR") ]
bones/16/bound_children = [ NodePath("ArmR") ]
bones/17/bound_children = [ NodePath("HandR") ]
bones/19/bound_children = [ NodePath("BicepL") ]
bones/20/bound_children = [ NodePath("ArmL") ]
bones/21/bound_children = [ NodePath("HandL") ]
bones/22/bound_children = [ NodePath("Neck") ]
bones/23/bound_children = [ NodePath("Head") ]
script = ExtResource( 2 )
bones = [ "Physical Bone CORE", "Physical Bone POS", "Physical Bone Hip", "Physical Bone ThighL", "Physical Bone CalfL", "Physical Bone FootL", "Physical Bone ThighR", "Physical Bone CalfR", "Physical Bone FootR", "Physical Bone Spine1", "Physical Bone Spine2", "Physical Bone Spine3", "Physical Bone ShoulderR", "Physical Bone BicepR", "Physical Bone ForarmR", "Physical Bone ShoulderL", "Physical Bone BicepL", "Physical Bone ForarmL", "Physical Bone Neck" ]

[node name="CatHuman_TempMesh" parent="Human_Bomes/Skeleton" index="0"]
visible = false
material/0 = ExtResource( 3 )

[node name="Physical Bone CORE" type="PhysicalBone" parent="Human_Bomes/Skeleton" index="1"]
transform = Transform( 1, 0, 0, 0, 0, -1, 0, 1, 0, 0, 0.359547, 0 )
joint_offset = Transform( 1, 0, 0, 0, 1, 0, 0, 0, 1, 0, 0, 0.359547 )
body_offset = Transform( 1, 0, 0, 0, 1, 0, 0, 0, 1, 0, 0, -0.359547 )
bone_name = "CORE"

[node name="CollisionShape" type="CollisionShape" parent="Human_Bomes/Skeleton/Physical Bone CORE" index="0"]
transform = Transform( 1, 0, 0, 0, 0, 1, 0, -1, 0, 0, 0, 0 )
shape = SubResource( 1 )

[node name="Physical Bone POS" type="PhysicalBone" parent="Human_Bomes/Skeleton" index="2"]
transform = Transform( 1.00055, 0.00590433, -0.00119257, -0.00598142, 0.951265, -0.31014, -0.000698343, 0.310139, 0.951282, 1.26083, 1.03835, -0.0787932 )
joint_type = 1
joint_offset = Transform( 1, 0, 0, 0, 1, 0, 0, 0, 1, -1.24945, -0.343798, 0.187619 )
body_offset = Transform( 0.979892, -0.15732, -0.12727, 0.0872037, 0.896162, -0.436368, 0.182601, 0.416257, 0.891353, 1.19412, 0.498927, 0.204025 )
bone_name = "POS"
joint_constraints/bias = 0.3
joint_constraints/damping = 1.0
joint_constraints/impulse_clamp = 0.0

[node name="CollisionShape" type="CollisionShape" parent="Human_Bomes/Skeleton/Physical Bone POS" index="0"]
transform = Transform( 1, 0, 0, 0, 0, 1, 0, -1, 0, 0, 0, 0 )
shape = SubResource( 2 )

[node name="Physical Bone Hip" type="PhysicalBone" parent="Human_Bomes/Skeleton" index="3"]
transform = Transform( 1.00068, -0.00119416, -0.00590371, -0.00598128, -0.310181, -0.951364, -0.000693938, 0.951415, -0.310186, 1.26089, 1.04164, -0.072366 )
joint_type = 1
joint_offset = Transform( 1, 0, 0, 0, 1, 0, 0, 0, 1, -1.25367, 0.186162, 0.378843 )
body_offset = Transform( 0.980016, -0.12729, 0.15734, 0.182628, 0.891478, -0.416315, -0.0872151, 0.436427, 0.896253, 1.1927, 0.220714, -0.530124 )
bone_name = "Hip"
joint_constraints/bias = 0.3
joint_constraints/damping = 1.0
joint_constraints/impulse_clamp = 0.0

[node name="CollisionShape" type="CollisionShape" parent="Human_Bomes/Skeleton/Physical Bone Hip" index="0"]
transform = Transform( 1, 0, 0, 0, 0, 1, 0, -1, 0, 0, 0, 0 )
shape = SubResource( 3 )

[node name="Physical Bone ThighL" type="PhysicalBone" parent="Human_Bomes/Skeleton" index="4"]
transform = Transform( 0.899307, 0.250102, 0.364685, -0.44049, 0.578512, 0.689508, -0.0387553, -0.779004, 0.628853, 0.302253, 0.235238, -0.43172 )
joint_type = 1
joint_offset = Transform( 1, 0, 0, 0, 1, 0, 0, 0, 1, -0.39055, -0.169216, 0.433107 )
body_offset = Transform( 0.836971, 0.374984, 0.404292, -0.168835, 0.873671, -0.461021, -0.524832, 0.316758, 0.792708, 0.215231, 0.281572, -0.4947 )
bone_name = "Thigh.L"
joint_constraints/bias = 0.3
joint_constraints/damping = 1.0
joint_constraints/impulse_clamp = 0.0

[node name="CollisionShape" type="CollisionShape" parent="Human_Bomes/Skeleton/Physical Bone ThighL" index="0"]
transform = Transform( 1, 0, 0, 0, 0, 1, 0, -1, 0, 0, 0, 0 )
shape = SubResource( 4 )

[node name="Physical Bone CalfL" type="PhysicalBone" parent="Human_Bomes/Skeleton" index="5"]
transform = Transform( 0.795867, 0.359597, 0.491438, -0.140945, -0.678183, 0.72432, 0.591945, -0.64477, -0.487896, -0.144767, -0.185075, -0.788797 )
joint_type = 1
joint_offset = Transform( 1, 0, 0, 0, 1, 0, 0, 0, 1, 0.530889, -0.705187, 0.148403 )
body_offset = Transform( 0.726481, 0.304199, 0.619837, -0.643256, -0.0283718, 0.767809, 0.250743, -0.95485, 0.174552, -0.263149, 0.207545, -0.832369 )
bone_name = "Calf.L"
joint_constraints/bias = 0.3
joint_constraints/damping = 1.0
joint_constraints/impulse_clamp = 0.0

[node name="CollisionShape" type="CollisionShape" parent="Human_Bomes/Skeleton/Physical Bone CalfL" index="0"]
transform = Transform( 1, 0, 0, 0, 0, 1, 0, -1, 0, 0, 0, 0 )
shape = SubResource( 5 )

[node name="Physical Bone FootL" type="PhysicalBone" parent="Human_Bomes/Skeleton" index="6"]
transform = Transform( 0.780644, 0.534478, 0.332089, 0.116644, 0.398306, -0.913366, -0.617658, 0.750208, 0.246642, 0.0273355, 0.497728, -1.63029 )
joint_type = 1
joint_offset = Transform( 1, 0, 0, 0, 1, 0, 0, 0, 1, -0.794266, 0.876094, 0.721673 )
body_offset = Transform( -0.825919, -0.535514, -0.191727, -0.440687, 0.818143, -0.379278, 0.358003, -0.227518, -0.908208, -0.0484743, -0.793078, 1.13911 )
bone_name = "Foot.L"
joint_constraints/bias = 0.3
joint_constraints/damping = 1.0
joint_constraints/impulse_clamp = 0.0

[node name="CollisionShape" type="CollisionShape" parent="Human_Bomes/Skeleton/Physical Bone FootL" index="0"]
transform = Transform( 1, 0, 0, 0, 0, 1, 0, -1, 0, 0, 0, 0 )
shape = SubResource( 6 )

[node name="Physical Bone ThighR" type="PhysicalBone" parent="Human_Bomes/Skeleton" index="7"]
transform = Transform( 0.765962, -0.577123, -0.288551, 0.620452, 0.538089, 0.573564, -0.175103, -0.617633, 0.768951, 0.379822, 1.37464, -0.0556799 )
joint_type = 1
joint_offset = Transform( 1, 0, 0, 0, 1, 0, 0, 0, 1, -0.811943, -0.190756, -0.25341 )
body_offset = Transform( 0.674881, -0.696762, -0.249756, -0.220014, 0.133677, -0.968436, 0.70605, 0.707707, -0.0630412, 0.351763, -0.39855, 0.692296 )
bone_name = "Thigh.R"
joint_constraints/bias = 0.3
joint_constraints/damping = 1.0
joint_constraints/impulse_clamp = 0.0

[node name="CollisionShape" type="CollisionShape" parent="Human_Bomes/Skeleton/Physical Bone ThighR" index="0"]
transform = Transform( 1, 0, 0, 0, 0, 1, 0, -1, 0, 0, 0, 0 )
shape = SubResource( 7 )

[node name="Physical Bone CalfR" type="PhysicalBone" parent="Human_Bomes/Skeleton" index="8"]
transform = Transform( 0.870427, 0.216297, 0.446801, -0.0510775, -0.858308, 0.515303, 0.494169, -0.470274, -0.734129, -0.194814, 0.0329702, -0.0531854 )
joint_type = 1
joint_offset = Transform( 1, 0, 0, 0, 1, 0, 0, 0, 1, 0.179674, -0.400768, 0.0486366 )
body_offset = Transform( 0.931749, 0.200193, 0.309743, -0.364965, 0.628386, 0.690674, -0.0561433, -0.755013, 0.656966, -0.102245, 0.283819, -0.32445 )
bone_name = "Calf.R"
joint_constraints/bias = 0.3
joint_constraints/damping = 1.0
joint_constraints/impulse_clamp = 0.0

[node name="CollisionShape" type="CollisionShape" parent="Human_Bomes/Skeleton/Physical Bone CalfR" index="0"]
transform = Transform( 1, 0, 0, 0, 0, 1, 0, -1, 0, 0, 0, 0 )
shape = SubResource( 8 )

[node name="Physical Bone FootR" type="PhysicalBone" parent="Human_Bomes/Skeleton" index="9"]
transform = Transform( 0.973001, -0.105664, 0.214143, 0.120359, 0.992898, -0.0568413, -0.205912, 0.0809445, 0.977078, -0.756994, 0.0374802, -1.45484 )
joint_type = 1
joint_offset = Transform( 1, 0, 0, 0, 1, 0, 0, 0, 1, 0.266853, 0.115744, 1.77807 )
body_offset = Transform( -0.933517, 0.143583, -0.334326, -0.0143857, 0.905239, 0.429277, 0.363467, 0.404412, -0.84165, 0.826949, -0.864222, 1.35271 )
bone_name = "Foot.R"
joint_constraints/bias = 0.3
joint_constraints/damping = 1.0
joint_constraints/impulse_clamp = 0.0

[node name="CollisionShape" type="CollisionShape" parent="Human_Bomes/Skeleton/Physical Bone FootR" index="0"]
transform = Transform( 1, 0, 0, 0, 0, 1, 0, -1, 0, 0, 0, 0 )
shape = SubResource( 9 )

[node name="Physical Bone Spine1" type="PhysicalBone" parent="Human_Bomes/Skeleton" index="10"]
transform = Transform( -0.957349, -0.285535, -0.0685678, -0.282047, 0.831836, 0.484838, -0.0807098, 0.480459, -0.878212, 1.19082, 1.08111, 0.339443 )
joint_type = 1
joint_offset = Transform( 1, 0, 0, 0, 1, 0, 0, 0, 1, 1.27456, -0.175547, 0.19245 )
body_offset = Transform( 0.889978, 0.455991, 0.0545245, 0.20437, -0.499735, 0.846548, 0.410797, -0.739364, -0.539824, -1.06478, -0.511128, -0.54949 )
bone_name = "Spine1"
joint_constraints/bias = 0.3
joint_constraints/damping = 1.0
joint_constraints/impulse_clamp = 0.0

[node name="CollisionShape" type="CollisionShape" parent="Human_Bomes/Skeleton/Physical Bone Spine1" index="0"]
transform = Transform( 1, 0, 0, 0, 0, 1, 0, -1, 0, 0, 0, 0 )
shape = SubResource( 10 )

[node name="Physical Bone Spine2" type="PhysicalBone" parent="Human_Bomes/Skeleton" index="11"]
transform = Transform( 0.839106, 0.222463, -0.492446, 0.331801, 0.504932, 0.797048, 0.425392, -0.834141, 0.351172, 1.22453, 0.895549, 0.382154 )
joint_type = 1
joint_offset = Transform( 1, 0, 0, 0, 1, 0, 0, 0, 1, -1.2422, -0.00969283, 0.328793 )
body_offset = Transform( 0.74995, 0.148241, -0.642318, 0.570582, -0.632296, 0.523736, -0.327353, -0.760566, -0.56057, 1.14421, 0.530448, -0.229699 )
bone_name = "Spine2"
joint_constraints/bias = 0.3
joint_constraints/damping = 1.0
joint_constraints/impulse_clamp = 0.0

[node name="CollisionShape" type="CollisionShape" parent="Human_Bomes/Skeleton/Physical Bone Spine2" index="0"]
transform = Transform( 1, 0, 0, 0, 0, 1, 0, -1, 0, 0, 0, 0 )
shape = SubResource( 11 )

[node name="Physical Bone Spine3" type="PhysicalBone" parent="Human_Bomes/Skeleton" index="12"]
transform = Transform( 0.807843, -0.330655, -0.515495, -2.05562e-05, 0.862651, -0.540577, 0.613873, 0.434827, 0.681485, 1.26549, 1.05733, 0.312917 )
joint_type = 1
joint_offset = Transform( 1, 0, 0, 0, 1, 0, 0, 0, 1, -1.18337, 0.039323, 0.514617 )
body_offset = Transform( 0.813671, -0.491704, -0.356376, 0.596086, 0.758399, 0.325931, 0.109876, -0.475008, 0.888338, 1.16561, 0.507839, -0.308451 )
bone_name = "Spine3"
joint_constraints/bias = 0.3
joint_constraints/damping = 1.0
joint_constraints/impulse_clamp = 0.0

[node name="CollisionShape" type="CollisionShape" parent="Human_Bomes/Skeleton/Physical Bone Spine3" index="0"]
transform = Transform( 1, 0, 0, 0, 0, 1, 0, -1, 0, 0, 0, 0 )
shape = SubResource( 12 )

[node name="Physical Bone ShoulderR" type="PhysicalBone" parent="Human_Bomes/Skeleton" index="13"]
transform = Transform( 0.397282, 0.319136, 0.861124, -0.753899, 0.649107, 0.107299, -0.524421, -0.691412, 0.498156, 1.24561, 1.08886, 0.228552 )
joint_type = 3
joint_offset = Transform( 1, 0, 0, 0, 1, 0, 0, 0, 1, -0.188143, -0.243123, -1.22405 )
body_offset = Transform( 0.725395, 0.437089, -0.532905, -0.521281, 0.854049, -0.00906844, 0.450868, 0.284239, 0.846839, -0.409558, 0.0984634, 1.19051 )
bone_name = "Shoulder.R"
joint_constraints/angular_limit_enabled = false
joint_constraints/angular_limit_upper = 90.0
joint_constraints/angular_limit_lower = -90.0
joint_constraints/angular_limit_bias = 0.3
joint_constraints/angular_limit_softness = 0.9
joint_constraints/angular_limit_relaxation = 1.0

[node name="CollisionShape" type="CollisionShape" parent="Human_Bomes/Skeleton/Physical Bone ShoulderR" index="0"]
transform = Transform( 1, 0, 0, 0, 0, 1, 0, -1, 0, 0, 0, 0 )
shape = SubResource( 13 )

[node name="Physical Bone BicepR" type="PhysicalBone" parent="Human_Bomes/Skeleton" index="14"]
transform = Transform( 0.31354, 0.39724, 0.863485, 0.457736, 0.733619, -0.503775, -0.83297, 0.552615, 0.0480094, 1.20836, 0.997017, 0.399136 )
joint_type = 3
joint_offset = Transform( 1, 0, 0, 0, 1, 0, 0, 0, 1, 0.0102372, -0.817824, -1.08142 )
body_offset = Transform( 0.721589, -0.393066, 0.571453, 0.660153, 0.136711, -0.739633, 0.212544, 0.910049, 0.35789, 0.289135, -0.694806, 1.12911 )
bone_name = "Bicep.R"
joint_constraints/angular_limit_enabled = false
joint_constraints/angular_limit_upper = 90.0
joint_constraints/angular_limit_lower = -90.0
joint_constraints/angular_limit_bias = 0.3
joint_constraints/angular_limit_softness = 0.9
joint_constraints/angular_limit_relaxation = 1.0

[node name="CollisionShape" type="CollisionShape" parent="Human_Bomes/Skeleton/Physical Bone BicepR" index="0"]
transform = Transform( 1, 0, 0, 0, 0, 1, 0, -1, 0, 0, 0, 0 )
shape = SubResource( 14 )

[node name="Physical Bone ForarmR" type="PhysicalBone" parent="Human_Bomes/Skeleton" index="15"]
transform = Transform( 0.481569, -0.723047, 0.496963, 0.657539, 0.672609, 0.341639, -0.580615, 0.162058, 0.798766, 0.836567, 1.07374, 0.35543 )
joint_type = 3
joint_offset = Transform( 1, 0, 0, 0, 1, 0, 0, 0, 1, -0.328797, 0.490968, -0.998852 )
body_offset = Transform( 0.264575, -0.448958, -0.854359, 0.457114, 0.838477, -0.299078, 0.849957, -0.311217, 0.427012, -0.545962, -0.560102, 0.858782 )
bone_name = "Forarm.R"
joint_constraints/angular_limit_enabled = false
joint_constraints/angular_limit_upper = 90.0
joint_constraints/angular_limit_lower = -90.0
joint_constraints/angular_limit_bias = 0.3
joint_constraints/angular_limit_softness = 0.9
joint_constraints/angular_limit_relaxation = 1.0

[node name="CollisionShape" type="CollisionShape" parent="Human_Bomes/Skeleton/Physical Bone ForarmR" index="0"]
transform = Transform( 1, 1.49012e-08, 0, -2.98023e-08, 4.47035e-08, 1, -2.98023e-08, -1, 2.23517e-08, 0, 0, 0 )
shape = SubResource( 15 )

[node name="Physical Bone ShoulderL" type="PhysicalBone" parent="Human_Bomes/Skeleton" index="16"]
transform = Transform( -0.397739, 0.578634, -0.711787, 0.752788, 0.6489, 0.106042, 0.522556, -0.49395, -0.694409, 1.35004, 1.08874, 0.307974 )
joint_type = 3
joint_offset = Transform( 1, 0, 0, 0, 1, 0, 0, 0, 1, 0.165815, -0.626858, 1.1762 )
body_offset = Transform( 0.724087, -0.242709, -0.644661, 0.348164, 0.936507, 0.0390047, 0.593657, -0.252829, 0.763531, 0.486043, 0.483448, -1.15499 )
bone_name = "Shoulder.L"
joint_constraints/angular_limit_enabled = false
joint_constraints/angular_limit_upper = 90.0
joint_constraints/angular_limit_lower = -90.0
joint_constraints/angular_limit_bias = 0.3
joint_constraints/angular_limit_softness = 0.9
joint_constraints/angular_limit_relaxation = 1.0

[node name="CollisionShape" type="CollisionShape" parent="Human_Bomes/Skeleton/Physical Bone ShoulderL" index="0"]
transform = Transform( 1, 0, 0, 0, 0, 1, 0, -1, 0, 0, 0, 0 )
shape = SubResource( 16 )

[node name="Physical Bone BicepL" type="PhysicalBone" parent="Human_Bomes/Skeleton" index="17"]
transform = Transform( -0.841444, -0.0253064, -0.541209, -0.0502802, 0.999023, 0.0314881, 0.539482, 0.0536636, -0.841118, 1.18838, 1.00604, 0.518131 )
joint_type = 3
joint_offset = Transform( 1, 0, 0, 0, 1, 0, 0, 0, 1, 0.530723, -0.113803, 1.07293 )
body_offset = Transform( 0.207885, 0.70289, -0.681312, -0.977569, 0.186276, -0.106101, 0.0523417, 0.687614, 0.725214, 0.70066, 0.653856, -0.727628 )
bone_name = "Bicep.L"
joint_constraints/angular_limit_enabled = false
joint_constraints/angular_limit_upper = 90.0
joint_constraints/angular_limit_lower = -90.0
joint_constraints/angular_limit_bias = 0.3
joint_constraints/angular_limit_softness = 0.9
joint_constraints/angular_limit_relaxation = 1.0

[node name="CollisionShape" type="CollisionShape" parent="Human_Bomes/Skeleton/Physical Bone BicepL" index="0"]
transform = Transform( 1, 0, 0, 0, 0, 1, 0, -1, 0, 0, 0, 0 )
shape = SubResource( 17 )

[node name="Physical Bone ForarmL" type="PhysicalBone" parent="Human_Bomes/Skeleton" index="18"]
transform = Transform( -0.591644, 0.682339, -0.430195, -0.378483, 0.236133, 0.895242, 0.712229, 0.692472, 0.118624, 1.50924, 0.759653, 0.733525 )
joint_type = 3
joint_offset = Transform( 1, 0, 0, 0, 1, 0, 0, 0, 1, 0.212578, -1.37482, 0.473571 )
body_offset = Transform( -0.0489605, 0.334147, 0.941571, -0.886527, 0.420113, -0.195346, -0.46069, -0.844224, 0.275464, 0.0238999, 0.858546, -1.19318 )
bone_name = "Forarm.L"
joint_constraints/angular_limit_enabled = false
joint_constraints/angular_limit_upper = 90.0
joint_constraints/angular_limit_lower = -90.0
joint_constraints/angular_limit_bias = 0.3
joint_constraints/angular_limit_softness = 0.9
joint_constraints/angular_limit_relaxation = 1.0

[node name="CollisionShape" type="CollisionShape" parent="Human_Bomes/Skeleton/Physical Bone ForarmL" index="0"]
transform = Transform( 1, 0, 0, 0, 0, 1, 0, -1, 0, 0, 0, 0 )
shape = SubResource( 18 )

[node name="Physical Bone Neck" type="PhysicalBone" parent="Human_Bomes/Skeleton" index="19"]
transform = Transform( -0.779176, 0.615314, 0.14058, 0.421822, 0.673595, -0.611013, -0.469703, -0.415605, -0.782179, 1.00036, 1.19478, 1.24559 )
joint_type = 1
joint_offset = Transform( 1, 0, 0, 0, 1, 0, 0, 0, 1, 1.26357, -0.158003, 1.06934 )
body_offset = Transform( 0.889377, -0.385569, -0.256682, 0.390723, 0.325218, 0.864097, -0.249027, -0.866394, 0.438582, -0.910229, -1.36633, -0.291223 )
bone_name = "Neck"
joint_constraints/bias = 0.3
joint_constraints/damping = 1.0
joint_constraints/impulse_clamp = 0.0

[node name="CollisionShape" type="CollisionShape" parent="Human_Bomes/Skeleton/Physical Bone Neck" index="0"]
transform = Transform( 1, 0, 0, 0, 0, 1, 0, -1, 0, 0, 0, 0 )
shape = SubResource( 19 )

[node name="Spine2" type="BoneAttachment" parent="Human_Bomes/Skeleton" index="20"]
transform = Transform( 0.982038, 0.0825116, -0.169685, -0.186488, 0.287676, -0.939396, -0.0286967, 0.954167, 0.297896, 0.0181274, 0.740556, -0.02272 )
bone_name = "Spine2"

[node name="Cat4" parent="Human_Bomes/Skeleton/Spine2" index="0" groups=[
"Cats",
] instance=ExtResource( 6 )]
transform = Transform( -0.57958, -0.777176, 0.245119, -0.647274, 0.621776, 0.440942, -0.495099, 0.0969016, -0.863415, -0.0763135, 0.000249438, 0.0382984 )

[node name="Cat5" parent="Human_Bomes/Skeleton/Spine2" index="1" groups=[
"Cats",
] instance=ExtResource( 6 )]
transform = Transform( -0.242316, 0.970135, 0.0108764, 0.890182, 0.217859, 0.400141, 0.385822, 0.106642, -0.916389, 0.0554044, -0.0144411, 0.0630177 )

[node name="Spine3" type="BoneAttachment" parent="Human_Bomes/Skeleton" index="21"]
transform = Transform( 0.975153, 0.0632739, -0.212302, -0.217478, 0.455912, -0.863046, 0.0421831, 0.887773, 0.458345, 0.031229, 0.813088, -0.0457211 )
bone_name = "Spine3"

[node name="Cat" parent="Human_Bomes/Skeleton/Spine3" index="0" groups=[
"Cats",
] instance=ExtResource( 6 )]

[node name="Cat4" parent="Human_Bomes/Skeleton/Spine3" index="1" groups=[
"Cats",
] instance=ExtResource( 6 )]
transform = Transform( 0.788272, -0.615312, 0.00414561, -0.585651, -0.748171, 0.311854, -0.188786, -0.248254, -0.950121, -0.051, -0.031, -0.085 )

[node name="Cat5" parent="Human_Bomes/Skeleton/Spine3" index="2" groups=[
"Cats",
] instance=ExtResource( 6 )]
transform = Transform( 0.963531, 0.202712, 0.174689, 0.134077, -0.930661, 0.340429, 0.231586, -0.304591, -0.9239, 0.075, -0.047, -0.092 )

[node name="Head" type="BoneAttachment" parent="Human_Bomes/Skeleton" index="22"]
transform = Transform( -0.943812, 0.0991754, -0.315251, 0.324683, 0.100318, -0.940488, -0.0616482, -0.990001, -0.126882, 0.0838164, 1.01932, -0.12585 )
bone_name = "Head"

[node name="Cat2" parent="Human_Bomes/Skeleton/Head" index="0" groups=[
"Cats",
] instance=ExtResource( 6 )]
transform = Transform( -0.973499, 0.115921, -0.197132, 0.226634, 0.373701, -0.899436, -0.030595, -0.920276, -0.39007, -0.007, 0.008, -0.046 )

[node name="Hat" type="Spatial" parent="Human_Bomes/Skeleton/Head" index="1"]
transform = Transform( -0.971468, 0.0529439, -0.231183, 0.236738, 0.15773, -0.958686, -0.014292, -0.986061, -0.165764, -0.00597826, -0.00540441, -0.177804 )

[node name="RigidBody" type="RigidBody" parent="Human_Bomes/Skeleton/Head/Hat" index="0"]
collision_layer = 7
collision_mask = 7
mass = 0.1
script = ExtResource( 4 )
IsHat = true

[node name="CollisionShape" type="CollisionShape" parent="Human_Bomes/Skeleton/Head/Hat/RigidBody" index="0"]
transform = Transform( 1, 1.02445e-08, 2.98023e-08, 9.49949e-08, 0.998652, 0.0519003, -7.45058e-08, -0.0519003, 0.998652, 0.00312153, -0.00880313, 0.00138502 )
shape = SubResource( 20 )

[node name="Hat" type="MeshInstance" parent="Human_Bomes/Skeleton/Head/Hat/RigidBody" index="1"]
transform = Transform( 0.0483, 1.59314e-09, -1.54628e-09, -1.59314e-09, 0.0483001, 1.49943e-09, 8.43431e-10, 9.5953e-23, 0.0483, 2.33202e-08, -0.0212529, 0.00316616 )
mesh = ExtResource( 7 )
material/0 = ExtResource( 5 )

[node name="Cat_00" type="MeshInstance" parent="Human_Bomes/Skeleton/Head/Hat/RigidBody" index="2"]
transform = Transform( 0.0483, 1.59314e-09, -1.54628e-09, -1.59314e-09, 0.0483001, 1.49943e-09, 8.43431e-10, 9.5953e-23, 0.0483, 2.33202e-08, -0.0212529, 0.00316616 )
visible = false
mesh = ExtResource( 7 )
material/0 = null

[node name="Cat_01" type="MeshInstance" parent="Human_Bomes/Skeleton/Head/Hat/RigidBody" index="3"]
transform = Transform( 0.0483, 1.59314e-09, -1.54628e-09, -1.59314e-09, 0.0483001, 1.49943e-09, 8.43431e-10, 9.5953e-23, 0.0483, 2.33202e-08, -0.0212529, 0.00316616 )
visible = false
mesh = ExtResource( 7 )
material/0 = null

[node name="Sunglasses" type="Spatial" parent="Human_Bomes/Skeleton/Head" index="2"]
transform = Transform( -0.971468, 0.0529439, -0.231183, 0.236738, 0.15773, -0.958686, -0.014292, -0.986061, -0.165764, -0.00597826, -0.00540441, -0.177804 )

[node name="RigidBody" type="RigidBody" parent="Human_Bomes/Skeleton/Head/Sunglasses" index="0"]
collision_layer = 7
collision_mask = 7
mass = 0.1
script = ExtResource( 4 )
IsHat = true

[node name="CollisionShape" type="CollisionShape" parent="Human_Bomes/Skeleton/Head/Sunglasses/RigidBody" index="0"]
transform = Transform( 1, -1.02445e-08, 2.83122e-07, 9.12696e-08, 0.998652, 0.0519002, -7.45058e-08, -0.0519003, 0.998652, 0.00312169, -0.0882709, 0.0549697 )
shape = SubResource( 32 )

[node name="Hat" type="MeshInstance" parent="Human_Bomes/Skeleton/Head/Sunglasses/RigidBody" index="1"]
transform = Transform( 0.042514, 3.20142e-09, 6.98492e-09, -6.98492e-09, 0.0425141, -1.86265e-09, 2.32831e-09, -9.31323e-10, 0.042514, 1.63913e-07, -0.0823087, 0.0627775 )
mesh = ExtResource( 9 )
material/0 = ExtResource( 5 )

[node name="Cat_00" type="MeshInstance" parent="Human_Bomes/Skeleton/Head/Sunglasses/RigidBody" index="2"]
transform = Transform( 0.0483, 1.59314e-09, -1.54628e-09, -1.59314e-09, 0.0483001, 1.49943e-09, 8.43431e-10, 9.5953e-23, 0.0483, 2.33202e-08, -0.0212529, 0.00316616 )
visible = false
mesh = ExtResource( 7 )
material/0 = null

[node name="Cat_01" type="MeshInstance" parent="Human_Bomes/Skeleton/Head/Sunglasses/RigidBody" index="3"]
transform = Transform( 0.0483, 1.59314e-09, -1.54628e-09, -1.59314e-09, 0.0483001, 1.49943e-09, 8.43431e-10, 9.5953e-23, 0.0483, 2.33202e-08, -0.0212529, 0.00316616 )
visible = false
mesh = ExtResource( 7 )
material/0 = null

[node name="BicepR" type="BoneAttachment" parent="Human_Bomes/Skeleton" index="23"]
transform = Transform( 0.562415, -0.376776, 0.736022, -0.245588, 0.773859, 0.583806, -0.789541, -0.5091, 0.342699, -0.0470901, 0.946524, -0.113252 )
bone_name = "Bicep.R"

[node name="Cat2" parent="Human_Bomes/Skeleton/BicepR" index="0" groups=[
"Cats",
] instance=ExtResource( 6 )]
transform = Transform( -0.979658, -0.188412, -0.0690711, -0.17774, 0.974465, -0.137203, 0.0931581, -0.122135, -0.988132, -0.00699993, 0.00800002, -0.046 )

[node name="BicepL" type="BoneAttachment" parent="Human_Bomes/Skeleton" index="24"]
transform = Transform( 0.175813, 0.87387, -0.453255, 0.669251, 0.231557, 0.706034, 0.721937, -0.427471, -0.544129, 0.164013, 0.899444, -0.10412 )
bone_name = "Bicep.L"

[node name="Cat2" parent="Human_Bomes/Skeleton/BicepL" index="0" groups=[
"Cats",
] instance=ExtResource( 6 )]
transform = Transform( 0.981986, -0.188412, -0.0143296, 0.188744, 0.974465, 0.121622, -0.00895139, -0.122135, 0.992474, -0.00403776, -0.00732023, -0.0440798 )

[node name="Hip" type="BoneAttachment" parent="Human_Bomes/Skeleton" index="25"]
transform = Transform( 0.978542, 0.183889, -0.0929557, -0.115914, 0.118303, -0.986189, -0.170352, 0.975802, 0.137079, 0.00391208, 0.630977, -0.0118909 )
bone_name = "Hip"

[node name="Cat2" parent="Human_Bomes/Skeleton/Hip" index="0" groups=[
"Cats",
] instance=ExtResource( 6 )]
transform = Transform( -0.215942, -0.188412, 0.958056, -0.162426, 0.974465, 0.155029, -0.962802, -0.122135, -0.241031, 0.00720563, 0.0485154, -0.0560211 )

[node name="Cat3" parent="Human_Bomes/Skeleton/Hip" index="1" groups=[
"Cats",
] instance=ExtResource( 6 )]
transform = Transform( 0.680531, -0.0606003, -0.73021, -0.110943, -0.993605, -0.0209353, -0.724272, 0.0952585, -0.682903, -0.026364, -0.0580665, -0.0668725 )

[node name="ThighL" type="BoneAttachment" parent="Human_Bomes/Skeleton" index="26"]
transform = Transform( 0.989372, -0.100943, -0.103251, 0.126464, 0.260896, 0.957046, -0.0700697, -0.959772, 0.270853, 0.0666548, 0.608008, -0.0124039 )
bone_name = "Thigh.L"

[node name="Cat2" parent="Human_Bomes/Skeleton/ThighL" index="0" groups=[
"Cats",
] instance=ExtResource( 6 )]
transform = Transform( -0.0369687, 0.999193, -0.0156374, 0.998082, 0.0361407, -0.0502762, -0.0496705, -0.0174659, -0.998614, 0.00621585, -0.00244148, -0.0595343 )

[node name="Cat3" parent="Human_Bomes/Skeleton/ThighL" index="1" groups=[
"Cats",
] instance=ExtResource( 6 )]
transform = Transform( -0.965322, 0.260421, 0.00879556, -0.254281, -0.934759, -0.248672, -0.0565208, -0.242366, 0.968531, 0.0154403, -0.0147418, -0.156734 )

[node name="ThighR" type="BoneAttachment" parent="Human_Bomes/Skeleton" index="27"]
transform = Transform( 0.987959, 0.0333414, 0.150899, -0.0982904, -0.617699, 0.780234, 0.119398, -0.785303, -0.60684, -0.0588847, 0.622879, 0.00945092 )
bone_name = "Thigh.R"

[node name="Cat2" parent="Human_Bomes/Skeleton/ThighR" index="0" groups=[
"Cats",
] instance=ExtResource( 6 )]
transform = Transform( -0.450807, -0.881569, -0.14074, 0.887099, -0.425409, -0.17859, 0.0975367, -0.20543, 0.973794, -0.0257609, -0.00478917, -0.0589153 )

[node name="Cat3" parent="Human_Bomes/Skeleton/ThighR" index="1" groups=[
"Cats",
] instance=ExtResource( 6 )]
transform = Transform( -0.969531, 0.00522979, -0.244333, 0.0721269, -0.949261, -0.306592, -0.233469, -0.314978, 0.91993, -0.033852, -0.0204207, -0.163561 )

[node name="CalfL" type="BoneAttachment" parent="Human_Bomes/Skeleton" index="28"]
transform = Transform( 0.987718, -0.144208, -0.0576461, 0.139733, 0.66345, 0.735054, -0.0681554, -0.733952, 0.675353, 0.0970968, 0.325837, -0.0922611 )
bone_name = "Calf.L"

[node name="Cat2" parent="Human_Bomes/Skeleton/CalfL" index="0" groups=[
"Cats",
] instance=ExtResource( 6 )]
transform = Transform( -0.991685, -0.0991568, 0.0754323, 0.0702905, -0.945691, -0.319002, 0.102928, -0.311133, 0.944781, 0.001035, -0.0157723, -0.0642706 )

[node name="Cat3" parent="Human_Bomes/Skeleton/CalfL" index="1" groups=[
"Cats",
] instance=ExtResource( 6 )]
transform = Transform( 0.765525, 0.579155, 0.280137, -0.591455, 0.804915, -0.0475051, -0.252956, -0.129326, 0.958858, 0.0201943, 0.00723913, -0.163523 )

[node name="CalfR" type="BoneAttachment" parent="Human_Bomes/Skeleton" index="29"]
transform = Transform( 0.988626, 0.12653, 0.0809626, -0.059642, -0.163788, 0.984679, 0.138015, -0.977912, -0.154437, -0.103375, 0.392838, 0.188369 )
bone_name = "Calf.R"

[node name="Cat2" parent="Human_Bomes/Skeleton/CalfR" index="0" groups=[
"Cats",
] instance=ExtResource( 6 )]
transform = Transform( 0.99415, -0.103205, 0.00309246, -0.103067, -0.992727, 0.0693675, -0.00408489, -0.0693474, -0.997618, 0.00370038, 0.00983147, -0.0624821 )

[node name="Cat3" parent="Human_Bomes/Skeleton/CalfR" index="1" groups=[
"Cats",
] instance=ExtResource( 6 )]
transform = Transform( 0.37107, -0.928298, -0.0240209, 0.927261, 0.369139, 0.0614387, -0.0482456, -0.045083, 0.997893, -0.0141942, 0.00568486, -0.164829 )

[node name="FootL" type="BoneAttachment" parent="Human_Bomes/Skeleton" index="30"]
transform = Transform( -0.989033, -0.0337868, -0.142754, -0.133102, 0.615701, 0.776655, 0.0620543, 0.787018, -0.613338, 0.115209, 0.0948829, -0.304457 )
bone_name = "Foot.L"

[node name="Cat2" parent="Human_Bomes/Skeleton/FootL" index="0" groups=[
"Cats",
] instance=ExtResource( 6 )]
transform = Transform( -0.993403, 4.2608e-08, -0.110172, -0.0521957, 0.880936, 0.471156, 0.0969544, 0.474256, -0.875179, 0.00028415, 0.00789822, -0.05816 )

[node name="StaticBody" type="StaticBody" parent="Human_Bomes/Skeleton/FootL" index="1"]
transform = Transform( 1, 1.97906e-08, -1.11759e-08, -2.04891e-08, 0.863413, -0.504497, 0, 0.504498, 0.863413, 0, 0, 0 )
collision_mask = 4

[node name="CollisionShape" type="CollisionShape" parent="Human_Bomes/Skeleton/FootL/StaticBody" index="0"]
shape = SubResource( 21 )

[node name="FootR" type="BoneAttachment" parent="Human_Bomes/Skeleton" index="31"]
transform = Transform( -0.991289, -0.0177057, 0.130303, 0.049045, 0.869471, 0.491521, -0.122165, 0.493336, -0.860759, -0.128814, 0.0834522, 0.236893 )
bone_name = "Foot.R"

[node name="Cat2" parent="Human_Bomes/Skeleton/FootR" index="0" groups=[
"Cats",
] instance=ExtResource( 6 )]
transform = Transform( -0.999472, 9.68575e-08, 0.00544547, 0.00257998, 0.880936, 0.474035, -0.00479217, 0.474256, -0.880526, 0.0100114, 0.00560474, -0.05708 )

[node name="StaticBody" type="StaticBody" parent="Human_Bomes/Skeleton/FootR" index="1"]
transform = Transform( 1, 1.86265e-08, -1.49012e-08, -2.98023e-08, 0.863413, -0.504497, 7.45058e-09, 0.504498, 0.863413, 0, 0, 0 )
collision_mask = 4

[node name="CollisionShape" type="CollisionShape" parent="Human_Bomes/Skeleton/FootR/StaticBody" index="0"]
shape = SubResource( 21 )

[node name="HandL" type="BoneAttachment" parent="Human_Bomes/Skeleton" index="32"]
transform = Transform( -0.299625, 0.895298, -0.329646, 0.914207, 0.368244, 0.16918, 0.272856, -0.250674, -0.928823, 0.318416, 0.738161, 0.149186 )
bone_name = "Hand.L"

[node name="Cat2" parent="Human_Bomes/Skeleton/HandL" index="0" groups=[
"Cats",
] instance=ExtResource( 6 )]
transform = Transform( -0.999472, 0.00224619, 0.00496119, 0.00257999, 0.998107, 0.0688469, -0.00479224, 0.0688897, -0.997647, 0.0102115, 0.00838226, -0.0973285 )

[node name="StaticBody" type="StaticBody" parent="Human_Bomes/Skeleton/HandL" index="1"]
transform = Transform( 1, 0, 0, -2.23517e-08, 1, -3.53903e-08, 0, 3.72529e-09, 1, 0, -5.96046e-08, -0.0973457 )
collision_mask = 4

[node name="CollisionShape" type="CollisionShape" parent="Human_Bomes/Skeleton/HandL/StaticBody" index="0"]
shape = SubResource( 21 )

[node name="HandR" type="BoneAttachment" parent="Human_Bomes/Skeleton" index="33"]
transform = Transform( -0.139581, -0.451405, 0.881334, -0.422779, 0.832012, 0.359186, -0.895419, -0.322474, -0.306977, -0.327041, 0.756462, -0.135027 )
bone_name = "Hand.R"

[node name="Cat2" parent="Human_Bomes/Skeleton/HandR" index="0" groups=[
"Cats",
] instance=ExtResource( 6 )]
transform = Transform( -0.999472, 0.00224619, 0.00496119, 0.00257999, 0.998107, 0.0688469, -0.00479224, 0.0688897, -0.997647, 0.0102115, 0.00838226, -0.0973285 )

[node name="StaticBody2" type="StaticBody" parent="Human_Bomes/Skeleton/HandR" index="1"]
collision_mask = 4

[node name="CollisionShape" type="CollisionShape" parent="Human_Bomes/Skeleton/HandR/StaticBody2" index="0"]
shape = SubResource( 21 )

[node name="ArmL" type="BoneAttachment" parent="Human_Bomes/Skeleton" index="34"]
transform = Transform( -0.14794, 0.894632, -0.421602, 0.939873, 0.259858, 0.221614, 0.307819, -0.363467, -0.879284, 0.241647, 0.778514, -0.0109211 )
bone_name = "Forarm.L"

[node name="Cat2" parent="Human_Bomes/Skeleton/ArmL" index="0" groups=[
"Cats",
] instance=ExtResource( 6 )]
transform = Transform( 0.876282, -0.480628, 0.0237017, 0.480709, 0.87654, -0.0331881, -0.00481926, 0.0405148, 0.999201, 0.0108442, 0.00705951, -0.0781859 )

[node name="ArmR" type="BoneAttachment" parent="Human_Bomes/Skeleton" index="35"]
transform = Transform( 0.0276003, -0.533876, 0.845112, -0.419167, 0.761334, 0.494641, -0.90749, -0.367896, -0.20277, -0.173156, 0.84653, -0.171949 )
bone_name = "Forarm.R"

[node name="Cat2" parent="Human_Bomes/Skeleton/ArmR" index="0" groups=[
"Cats",
] instance=ExtResource( 6 )]
transform = Transform( 0.638207, -0.76977, -0.0173668, 0.767588, 0.635884, 0.0790362, -0.0497451, -0.0638335, 0.996753, 0.0119224, 0.00555003, -0.032738 )

[node name="Neck" type="BoneAttachment" parent="Human_Bomes/Skeleton" index="36"]
transform = Transform( -0.960993, 0.0173266, -0.27603, 0.270821, -0.143531, -0.951869, -0.0561117, -0.989495, 0.13324, 0.0689255, 0.967969, -0.118663 )
bone_name = "Neck"

[node name="Cat2" parent="Human_Bomes/Skeleton/Neck" index="0" groups=[
"Cats",
] instance=ExtResource( 6 )]
transform = Transform( -0.988105, 0.0490622, -0.145743, 0, 0.947741, 0.319043, 0.153779, 0.315248, -0.936467, 0.00778584, -0.00707579, 0.0468356 )

[node name="AnimationTree" type="AnimationTree" parent="." index="2"]
tree_root = SubResource( 30 )
anim_player = NodePath("../AnimationPlayer")
active = true
process_mode = 0
parameters/playback = SubResource( 31 )
parameters/Root/Speed/scale = 0.0
parameters/Root/WalkDirection/blend_position = Vector2( 0, 1 )
