[gd_scene load_steps=22 format=2]

[ext_resource path="res://Models/CatHuman/CatHuman_Skeleton.dae" type="PackedScene" id=1]
[ext_resource path="res://Scenes/EnableRagdoll.gd" type="Script" id=2]

[sub_resource type="CapsuleShape" id=1]
radius = 0.0719093
height = 0.575275

[sub_resource type="CapsuleShape" id=2]
radius = 0.00305143
height = 0.0244114

[sub_resource type="CapsuleShape" id=3]
radius = 0.00668168
height = 0.0534534

[sub_resource type="CapsuleShape" id=4]
radius = 0.0294836
height = 0.235869

[sub_resource type="CapsuleShape" id=5]
radius = 0.03142
height = 0.25136

[sub_resource type="CapsuleShape" id=6]
radius = 0.00978011
height = 0.0782409

[sub_resource type="CapsuleShape" id=7]
radius = 0.0294836
height = 0.235869

[sub_resource type="CapsuleShape" id=8]
radius = 0.03142
height = 0.25136

[sub_resource type="CapsuleShape" id=9]
radius = 0.00978012
height = 0.0782409

[sub_resource type="CapsuleShape" id=10]
radius = 0.00726718
height = 0.0581375

[sub_resource type="CapsuleShape" id=11]
radius = 0.00772115
height = 0.0617692

[sub_resource type="CapsuleShape" id=12]
radius = 0.0145906
height = 0.116724

[sub_resource type="CapsuleShape" id=13]
radius = 0.00864569
height = 0.0691656

[sub_resource type="CapsuleShape" id=14]
radius = 0.0171281
height = 0.137024

[sub_resource type="CapsuleShape" id=15]
radius = 0.0182087
height = 0.14567

[sub_resource type="CapsuleShape" id=16]
radius = 0.0086457
height = 0.0691656

[sub_resource type="CapsuleShape" id=17]
radius = 0.017128
height = 0.137024

[sub_resource type="CapsuleShape" id=18]
radius = 0.0182088
height = 0.14567

[sub_resource type="CapsuleShape" id=19]
radius = 0.00539465
height = 0.0431572

[node name="CatHuman_Skeleton" instance=ExtResource( 1 )]

[node name="Skeleton" parent="Human_Bomes" index="0"]
script = ExtResource( 2 )
bones = [ "Physical Bone CORE", "Physical Bone POS", "Physical Bone Hip", "Physical Bone ThighL", "Physical Bone CalfL", "Physical Bone FootL", "Physical Bone ThighR", "Physical Bone CalfR", "Physical Bone FootR", "Physical Bone Spine1", "Physical Bone Spine2", "Physical Bone Spine3", "Physical Bone ShoulderR", "Physical Bone BicepR", "Physical Bone ForarmR", "Physical Bone ShoulderL", "Physical Bone BicepL", "Physical Bone ForarmL", "Physical Bone Neck" ]

[node name="Physical Bone CORE" type="PhysicalBone" parent="Human_Bomes/Skeleton" index="1"]
transform = Transform( 1, 0, 0, 0, 0, -1, 0, 1, 0, 0, 0.359547, 0 )
joint_offset = Transform( 1, 0, 0, 0, 1, 0, 0, 0, 1, 0, 0, 0.359547 )
body_offset = Transform( 1, 0, 0, 0, 1, 0, 0, 0, 1, 0, 0, -0.359547 )
bone_name = "CORE"

[node name="CollisionShape" type="CollisionShape" parent="Human_Bomes/Skeleton/Physical Bone CORE" index="0"]
transform = Transform( 1, 0, 0, 0, 0, 1, 0, -1, 0, 0, 0, 0 )
shape = SubResource( 1 )

[node name="Physical Bone POS" type="PhysicalBone" parent="Human_Bomes/Skeleton" index="2"]
transform = Transform( 1, 0, 5.09186e-10, -1.32017e-28, 1, 0, -5.09186e-10, -2.59271e-19, 1, 5.82314e-11, 0.719068, -0.0213248 )
joint_type = 1
joint_offset = Transform( 1, 0, 0, 0, 1, 0, 0, 0, 1, 0, 0, 0.0152571 )
body_offset = Transform( 1, 0, 0, 0, 1, 0, 0, 0, 1, 0, 0, -0.0152571 )
bone_name = "POS"
joint_constraints/bias = 0.3
joint_constraints/damping = 1.0
joint_constraints/impulse_clamp = 0.0

[node name="CollisionShape" type="CollisionShape" parent="Human_Bomes/Skeleton/Physical Bone POS" index="0"]
transform = Transform( 1, 0, 0, 0, 0, 1, 0, -1, 0, 0, 0, 0 )
shape = SubResource( 2 )

[node name="Physical Bone Hip" type="PhysicalBone" parent="Human_Bomes/Skeleton" index="3"]
transform = Transform( 1, 5.55112e-17, 1.0912e-35, -1.32134e-28, 1.19209e-07, -1, -5.55112e-17, 1, 2.59271e-19, -6.93889e-18, 0.723653, -0.0160843 )
joint_type = 1
joint_offset = Transform( 1, 0, 0, 0, 1, 0, 0, 0, 1, 0, 0, 0.0334084 )
body_offset = Transform( 1, 0, 0, 0, 1, 0, 0, 0, 1, 0, 0, -0.0334084 )
bone_name = "Hip"
joint_constraints/bias = 0.3
joint_constraints/damping = 1.0
joint_constraints/impulse_clamp = 0.0

[node name="CollisionShape" type="CollisionShape" parent="Human_Bomes/Skeleton/Physical Bone Hip" index="0"]
transform = Transform( 1, 0, 0, 0, 0, 1, 0, -1, 0, 0, 0, 0 )
shape = SubResource( 3 )

[node name="Physical Bone ThighL" type="PhysicalBone" parent="Human_Bomes/Skeleton" index="4"]
transform = Transform( 0.999854, 0.000799239, 0.0116357, -0.0116147, -0.0247514, 0.999625, 0.000754058, -0.999339, -0.0247384, 0.0624309, 0.526132, -0.00411771 )
joint_type = 1
joint_offset = Transform( 1, 0, 0, 0, 1, 0, 0, 0, 1, 7.58065e-10, 0, 0.147418 )
body_offset = Transform( 1, 0, -5.14228e-09, 0, 1, 0, 4.09273e-10, 0, 0.999999, 0, 0, -0.147418 )
bone_name = "Thigh.L"
joint_constraints/bias = 0.3
joint_constraints/damping = 1.0
joint_constraints/impulse_clamp = 0.0

[node name="CollisionShape" type="CollisionShape" parent="Human_Bomes/Skeleton/Physical Bone ThighL" index="0"]
transform = Transform( 1, 0, 0, 0, 0, 1, 0, -1, 0, 0, 0, 0 )
shape = SubResource( 4 )

[node name="Physical Bone CalfL" type="PhysicalBone" parent="Human_Bomes/Skeleton" index="5"]
transform = Transform( 0.999834, 0.000363572, 0.0133563, -0.0133343, 0.0933883, 0.995542, -0.0012177, -0.995278, 0.0933446, 0.0586174, 0.22237, -0.0151352 )
joint_type = 1
joint_offset = Transform( 1, 0, 0, 0, 1, 0, 0, 0, 1, -5.42778e-08, 1.07482e-08, 0.1571 )
body_offset = Transform( 1, 1.33878e-09, 1.35187e-08, 4.65661e-10, 1, -4.47035e-08, 1.54687e-08, -1.3411e-07, 1, 5.21541e-08, -3.72529e-09, -0.1571 )
bone_name = "Calf.L"
joint_constraints/bias = 0.3
joint_constraints/damping = 1.0
joint_constraints/impulse_clamp = 0.0

[node name="CollisionShape" type="CollisionShape" parent="Human_Bomes/Skeleton/Physical Bone CalfL" index="0"]
transform = Transform( 1, 0, 0, 0, 0, 1, 0, -1, 0, 0, 0, 0 )
shape = SubResource( 5 )

[node name="Physical Bone FootL" type="PhysicalBone" parent="Human_Bomes/Skeleton" index="6"]
transform = Transform( -0.999922, 5.13159e-07, 4.65847e-10, 1.8328e-06, 0.851864, 0.523762, 0.000332906, 0.523574, -0.851564, 0.056519, 0.0403589, 0.0118424 )
joint_type = 1
joint_offset = Transform( 1, 0, 0, 0, 1, 0, 0, 0, 1, 8.33903e-15, 3.20703e-08, 0.0489006 )
body_offset = Transform( 1, -2.84217e-14, -1.7053e-13, -1.45519e-11, 1, 2.98023e-08, -5.82077e-11, 0, 1, 0, -3.35276e-08, -0.0489006 )
bone_name = "Foot.L"
joint_constraints/bias = 0.3
joint_constraints/damping = 1.0
joint_constraints/impulse_clamp = 0.0

[node name="CollisionShape" type="CollisionShape" parent="Human_Bomes/Skeleton/Physical Bone FootL" index="0"]
transform = Transform( 1, 0, 0, 0, 0, 1, 0, -1, 0, 0, 0, 0 )
shape = SubResource( 6 )

[node name="Physical Bone ThighR" type="PhysicalBone" parent="Human_Bomes/Skeleton" index="7"]
transform = Transform( 0.999854, -0.000799239, -0.0116357, 0.0116147, -0.0247514, 0.999625, -0.000754058, -0.999339, -0.0247384, -0.0624309, 0.526132, -0.00411771 )
joint_type = 1
joint_offset = Transform( 1, 0, 0, 0, 1, 0, 0, 0, 1, -7.58065e-10, 0, 0.147418 )
body_offset = Transform( 1, 0, 5.14228e-09, 0, 1, 0, -4.09273e-10, 0, 0.999999, 0, 0, -0.147418 )
bone_name = "Thigh.R"
joint_constraints/bias = 0.3
joint_constraints/damping = 1.0
joint_constraints/impulse_clamp = 0.0

[node name="CollisionShape" type="CollisionShape" parent="Human_Bomes/Skeleton/Physical Bone ThighR" index="0"]
transform = Transform( 1, 0, 0, 0, 0, 1, 0, -1, 0, 0, 0, 0 )
shape = SubResource( 7 )

[node name="Physical Bone CalfR" type="PhysicalBone" parent="Human_Bomes/Skeleton" index="8"]
transform = Transform( 0.999834, -0.000363572, -0.0133563, 0.0133343, 0.0933883, 0.995542, 0.0012177, -0.995278, 0.0933446, -0.0586174, 0.22237, -0.0151352 )
joint_type = 1
joint_offset = Transform( 1, 0, 0, 0, 1, 0, 0, 0, 1, 5.42778e-08, 1.07482e-08, 0.1571 )
body_offset = Transform( 1, -1.33878e-09, -1.35187e-08, -4.65661e-10, 1, -4.47035e-08, -1.54687e-08, -1.3411e-07, 1, -5.21541e-08, -3.72529e-09, -0.1571 )
bone_name = "Calf.R"
joint_constraints/bias = 0.3
joint_constraints/damping = 1.0
joint_constraints/impulse_clamp = 0.0

[node name="CollisionShape" type="CollisionShape" parent="Human_Bomes/Skeleton/Physical Bone CalfR" index="0"]
transform = Transform( 1, 0, 0, 0, 0, 1, 0, -1, 0, 0, 0, 0 )
shape = SubResource( 8 )

[node name="Physical Bone FootR" type="PhysicalBone" parent="Human_Bomes/Skeleton" index="9"]
transform = Transform( -0.999922, 9.17353e-07, 7.7198e-13, -6.15353e-07, 0.851864, 0.523763, -0.000332158, 0.523574, -0.851564, -0.056519, 0.0403589, 0.0118424 )
joint_type = 1
joint_offset = Transform( 1, 0, 0, 0, 1, 0, 0, 0, 1, 8.33903e-15, -3.20617e-08, 0.0489006 )
body_offset = Transform( 1, -2.84217e-14, -1.7053e-13, 1.16415e-10, 1, 6.55651e-07, 2.91038e-10, 0, 1, 0, 0, -0.0489006 )
bone_name = "Foot.R"
joint_constraints/bias = 0.3
joint_constraints/damping = 1.0
joint_constraints/impulse_clamp = 0.0

[node name="CollisionShape" type="CollisionShape" parent="Human_Bomes/Skeleton/Physical Bone FootR" index="0"]
transform = Transform( 1, 0, 0, 0, 0, 1, 0, -1, 0, 0, 0, 0 )
shape = SubResource( 9 )

[node name="Physical Bone Spine1" type="PhysicalBone" parent="Human_Bomes/Skeleton" index="10"]
transform = Transform( -1, -1.49718e-07, -1.64259e-09, -1.628e-08, 0.119631, -0.99282, 1.48839e-07, -0.99282, -0.119631, 5.96835e-11, 0.764731, -0.0113536 )
joint_type = 1
joint_offset = Transform( 1, 0, 0, 0, 1, 0, 0, 0, 1, 3.22727e-16, 1.08289e-09, 0.0363358 )
body_offset = Transform( 1, -1.27898e-13, -8.88178e-15, 1.7053e-13, 1, -2.98023e-08, -8.88178e-15, 2.23517e-08, 1, 0, 0, -0.0363359 )
bone_name = "Spine1"
joint_constraints/bias = 0.3
joint_constraints/damping = 1.0
joint_constraints/impulse_clamp = 0.0

[node name="CollisionShape" type="CollisionShape" parent="Human_Bomes/Skeleton/Physical Bone Spine1" index="0"]
transform = Transform( 1, 0, 0, 0, 0, 1, 0, -1, 0, 0, 0, 0 )
shape = SubResource( 10 )

[node name="Physical Bone Spine2" type="PhysicalBone" parent="Human_Bomes/Skeleton" index="11"]
transform = Transform( 1, -2.39456e-07, -1.43521e-09, 7.36331e-09, 0.0367398, -0.999325, 2.39346e-07, 0.999325, 0.0367399, 1.74778e-10, 0.839385, -0.00842512 )
joint_type = 1
joint_offset = Transform( 1, 0, 0, 0, 1, 0, 0, 0, 1, 4.44089e-16, 0, 0.0386057 )
body_offset = Transform( 1, -3.41061e-13, 0, 0, 1, 0, 0, 0, 1, -4.44089e-16, 0, -0.0386057 )
bone_name = "Spine2"
joint_constraints/bias = 0.3
joint_constraints/damping = 1.0
joint_constraints/impulse_clamp = 0.0

[node name="CollisionShape" type="CollisionShape" parent="Human_Bomes/Skeleton/Physical Bone Spine2" index="0"]
transform = Transform( 1, 0, 0, 0, 0, 1, 0, -1, 0, 0, 0, 0 )
shape = SubResource( 11 )

[node name="Physical Bone Spine3" type="PhysicalBone" parent="Human_Bomes/Skeleton" index="12"]
transform = Transform( 1, 2.38419e-07, 2.80886e-14, -3.45435e-08, 0.144886, -0.989449, -2.35903e-07, 0.989449, 0.144886, 2.30146e-10, 0.950148, -0.0204133 )
joint_type = 1
joint_offset = Transform( 1, 0, 0, 0, 1, 0, 0, 0, 1, 3.90799e-14, -4.50731e-09, 0.0729527 )
body_offset = Transform( 1, 0, 0, 1.7053e-13, 1, 1.63913e-07, -1.77636e-14, 0, 1, -3.90799e-14, -7.45058e-09, -0.0729527 )
bone_name = "Spine3"
joint_constraints/bias = 0.3
joint_constraints/damping = 1.0
joint_constraints/impulse_clamp = 0.0

[node name="CollisionShape" type="CollisionShape" parent="Human_Bomes/Skeleton/Physical Bone Spine3" index="0"]
transform = Transform( 1, 0, 0, 0, 0, 1, 0, -1, 0, 0, 0, 0 )
shape = SubResource( 12 )

[node name="Physical Bone ShoulderR" type="PhysicalBone" parent="Human_Bomes/Skeleton" index="13"]
transform = Transform( -0.00078206, -0.163013, 0.986623, 0.00646202, 0.986602, 0.163015, -0.999978, 0.00650304, 0.000281923, -0.0656983, 1.01318, -0.0326548 )
joint_type = 3
joint_offset = Transform( 1, 0, 0, 0, 1, 0, 0, 0, 1, 3.35654e-08, -6.05731e-07, 0.0432286 )
body_offset = Transform( 0.999999, 0, -8.73115e-10, -1.86265e-09, 1, 2.24036e-07, -8.14907e-10, -1.19428e-07, 0.999999, -3.35276e-08, 5.96046e-07, -0.0432286 )
bone_name = "Shoulder.R"
joint_constraints/angular_limit_enabled = false
joint_constraints/angular_limit_upper = 90.0
joint_constraints/angular_limit_lower = -90.0
joint_constraints/angular_limit_bias = 0.3
joint_constraints/angular_limit_softness = 0.9
joint_constraints/angular_limit_relaxation = 1.0

[node name="CollisionShape" type="CollisionShape" parent="Human_Bomes/Skeleton/Physical Bone ShoulderR" index="0"]
transform = Transform( 1, 0, 0, 0, 0, 1, 0, -1, 0, 0, 0, 0 )
shape = SubResource( 13 )

[node name="Physical Bone BicepR" type="PhysicalBone" parent="Human_Bomes/Skeleton" index="14"]
transform = Transform( 0.0139239, -0.726798, 0.686711, 0.019143, 0.686845, 0.726552, -0.99972, 0.00302923, 0.0234767, -0.167051, 0.943273, -0.0346439 )
joint_type = 3
joint_offset = Transform( 1, 0, 0, 0, 1, 0, 0, 0, 1, -2.23325e-09, 1.69612e-09, 0.0856403 )
body_offset = Transform( 1, -8.84756e-09, 2.6077e-08, -7.21775e-09, 1, -1.98052e-08, 1.67638e-08, 3.76676e-08, 1, 0, 0, -0.0856403 )
bone_name = "Bicep.R"
joint_constraints/angular_limit_enabled = false
joint_constraints/angular_limit_upper = 90.0
joint_constraints/angular_limit_lower = -90.0
joint_constraints/angular_limit_bias = 0.3
joint_constraints/angular_limit_softness = 0.9
joint_constraints/angular_limit_relaxation = 1.0

[node name="CollisionShape" type="CollisionShape" parent="Human_Bomes/Skeleton/Physical Bone BicepR" index="0"]
transform = Transform( 1, 0, 0, 0, 0, 1, 0, -1, 0, 0, 0, 0 )
shape = SubResource( 14 )

[node name="Physical Bone ForarmR" type="PhysicalBone" parent="Human_Bomes/Skeleton" index="15"]
transform = Transform( -0.098994, -0.74466, 0.660062, -0.123934, 0.667383, 0.734331, -0.987342, -0.00910981, -0.158355, -0.285956, 0.814195, -0.0222371 )
joint_type = 3
joint_offset = Transform( 1, 0, 0, 0, 1, 0, 0, 0, 1, 6.33298e-08, -1.76016e-07, 0.091044 )
body_offset = Transform( 1, 9.31323e-09, 0, 1.04308e-07, 1, -3.07336e-08, 0, 6.56582e-07, 1, -6.33299e-08, 1.78814e-07, -0.091044 )
bone_name = "Forarm.R"
joint_constraints/angular_limit_enabled = false
joint_constraints/angular_limit_upper = 90.0
joint_constraints/angular_limit_lower = -90.0
joint_constraints/angular_limit_bias = 0.3
joint_constraints/angular_limit_softness = 0.9
joint_constraints/angular_limit_relaxation = 1.0

[node name="CollisionShape" type="CollisionShape" parent="Human_Bomes/Skeleton/Physical Bone ForarmR" index="0"]
transform = Transform( 1, 0, 0, 0, 0, 1, 0, -1, 0, 0, 0, 0 )
shape = SubResource( 15 )

[node name="Physical Bone ShoulderL" type="PhysicalBone" parent="Human_Bomes/Skeleton" index="16"]
transform = Transform( -0.000782029, 0.163013, -0.986623, -0.00646205, 0.986602, 0.163015, 0.999978, 0.00650304, 0.000281924, 0.0656984, 1.01318, -0.0326548 )
joint_type = 3
joint_offset = Transform( 1, 0, 0, 0, 1, 0, 0, 0, 1, 8.55524e-11, -9.68542e-09, 0.0432288 )
body_offset = Transform( 0.999999, -6.0536e-09, -1.97906e-09, -4.65661e-10, 1, 2.2405e-07, 1.4843e-09, -1.19192e-07, 0.999999, 0, 0, -0.0432288 )
bone_name = "Shoulder.L"
joint_constraints/angular_limit_enabled = false
joint_constraints/angular_limit_upper = 90.0
joint_constraints/angular_limit_lower = -90.0
joint_constraints/angular_limit_bias = 0.3
joint_constraints/angular_limit_softness = 0.9
joint_constraints/angular_limit_relaxation = 1.0

[node name="CollisionShape" type="CollisionShape" parent="Human_Bomes/Skeleton/Physical Bone ShoulderL" index="0"]
transform = Transform( 1, 0, 0, 0, 0, 1, 0, -1, 0, 0, 0, 0 )
shape = SubResource( 16 )

[node name="Physical Bone BicepL" type="PhysicalBone" parent="Human_Bomes/Skeleton" index="17"]
transform = Transform( 0.0139239, 0.726798, -0.686711, -0.0191431, 0.686845, 0.726552, 0.99972, 0.00302922, 0.0234767, 0.167051, 0.943273, -0.0346439 )
joint_type = 3
joint_offset = Transform( 1, 0, 0, 0, 1, 0, 0, 0, 1, -1.59517e-10, -8.65506e-10, 0.0856402 )
body_offset = Transform( 1, -7.91624e-09, 1.86265e-09, 2.32831e-10, 1, 1.01063e-08, 0, -2.00962e-07, 1, 0, 0, -0.0856402 )
bone_name = "Bicep.L"
joint_constraints/angular_limit_enabled = false
joint_constraints/angular_limit_upper = 90.0
joint_constraints/angular_limit_lower = -90.0
joint_constraints/angular_limit_bias = 0.3
joint_constraints/angular_limit_softness = 0.9
joint_constraints/angular_limit_relaxation = 1.0

[node name="CollisionShape" type="CollisionShape" parent="Human_Bomes/Skeleton/Physical Bone BicepL" index="0"]
transform = Transform( 1, 0, 0, 0, 0, 1, 0, -1, 0, 0, 0, 0 )
shape = SubResource( 17 )

[node name="Physical Bone ForarmL" type="PhysicalBone" parent="Human_Bomes/Skeleton" index="18"]
transform = Transform( -0.0989936, 0.74466, -0.660062, 0.123933, 0.667382, 0.734331, 0.987341, -0.00910975, -0.158355, 0.285956, 0.814195, -0.0222372 )
joint_type = 3
joint_offset = Transform( 1, 0, 0, 0, 1, 0, 0, 0, 1, 8.19564e-08, -2.27979e-07, 0.0910441 )
body_offset = Transform( 1, 6.51926e-09, 0, -8.00937e-08, 1, -1.14669e-07, -2.83122e-07, 2.00467e-07, 1, -8.19564e-08, 2.38419e-07, -0.0910441 )
bone_name = "Forarm.L"
joint_constraints/angular_limit_enabled = false
joint_constraints/angular_limit_upper = 90.0
joint_constraints/angular_limit_lower = -90.0
joint_constraints/angular_limit_bias = 0.3
joint_constraints/angular_limit_softness = 0.9
joint_constraints/angular_limit_relaxation = 1.0

[node name="CollisionShape" type="CollisionShape" parent="Human_Bomes/Skeleton/Physical Bone ForarmL" index="0"]
transform = Transform( 1, 0, 0, 0, 0, 1, 0, -1, 0, 0, 0, 0 )
shape = SubResource( 18 )

[node name="Physical Bone Neck" type="PhysicalBone" parent="Human_Bomes/Skeleton" index="19"]
transform = Transform( -1, 3.89008e-07, 2.28389e-09, 7.76755e-08, 0.205422, -0.978674, -3.81181e-07, -0.978674, -0.205421, 4.81504e-10, 1.07882, -0.021518 )
joint_type = 1
joint_offset = Transform( 1, 0, 0, 0, 1, 0, 0, 0, 1, -2.61217e-14, -1.78814e-07, 0.0269747 )
body_offset = Transform( 1, 0, -8.52651e-14, 0, 1, 0, 0, 0, 1, 2.84217e-14, 1.78814e-07, -0.0269747 )
bone_name = "Neck"
joint_constraints/bias = 0.3
joint_constraints/damping = 1.0
joint_constraints/impulse_clamp = 0.0

[node name="CollisionShape" type="CollisionShape" parent="Human_Bomes/Skeleton/Physical Bone Neck" index="0"]
transform = Transform( 1, 0, 0, 0, 0, 1, 0, -1, 0, 0, 0, 0 )
shape = SubResource( 19 )
