[gd_scene load_steps=39 format=2]

[ext_resource path="res://Models/CatHuman/CatHuman_Skeleton.dae" type="PackedScene" id=1]
[ext_resource path="res://Scripts/EnableRagdoll.gd" type="Script" id=2]
[ext_resource path="res://Materials/CatHuman/CatHuman_BoneTest.tres" type="Material" id=3]
[ext_resource path="res://Scripts/Cat.gd" type="Script" id=4]
[ext_resource path="res://Materials/CatHuman/Cat.tres" type="Material" id=5]
[ext_resource path="res://Scenes/Cats/Cat.tscn" type="PackedScene" id=6]
[ext_resource path="res://Models/CatHuman/Hat.obj" type="ArrayMesh" id=7]

[sub_resource type="CapsuleShape" id=1]
radius = 0.0719093
height = 0.575275

[sub_resource type="CapsuleShape" id=2]
radius = 0.00305143
height = 0.0244114

[sub_resource type="CapsuleShape" id=3]
radius = 0.00668168
height = 0.0534534

[sub_resource type="CapsuleShape" id=4]
radius = 0.0294836
height = 0.235869

[sub_resource type="CapsuleShape" id=5]
radius = 0.03142
height = 0.25136

[sub_resource type="CapsuleShape" id=6]
radius = 0.00978011
height = 0.0782409

[sub_resource type="CapsuleShape" id=7]
radius = 0.0294836
height = 0.235869

[sub_resource type="CapsuleShape" id=8]
radius = 0.03142
height = 0.25136

[sub_resource type="CapsuleShape" id=9]
radius = 0.00978012
height = 0.0782409

[sub_resource type="CapsuleShape" id=10]
radius = 0.00726718
height = 0.0581375

[sub_resource type="CapsuleShape" id=11]
radius = 0.00772115
height = 0.0617692

[sub_resource type="CapsuleShape" id=12]
radius = 0.0145906
height = 0.116724

[sub_resource type="CapsuleShape" id=13]
radius = 0.00864569
height = 0.0691656

[sub_resource type="CapsuleShape" id=14]
radius = 0.0171281
height = 0.137024

[sub_resource type="CapsuleShape" id=15]
radius = 0.0182087
height = 0.14567

[sub_resource type="CapsuleShape" id=16]
radius = 0.0086457
height = 0.0691656

[sub_resource type="CapsuleShape" id=17]
radius = 0.017128
height = 0.137024

[sub_resource type="CapsuleShape" id=18]
radius = 0.0182088
height = 0.14567

[sub_resource type="CapsuleShape" id=19]
radius = 0.00539465
height = 0.0431572

[sub_resource type="CylinderShape" id=20]
radius = 0.131752
height = 0.0926904

[sub_resource type="BoxShape" id=21]
extents = Vector3( 0.114987, 0.11502, 0.160594 )

[sub_resource type="AnimationNodeTimeScale" id=22]

[sub_resource type="AnimationNodeAnimation" id=23]
animation = "Walk_Forward2-loop"

[sub_resource type="AnimationNodeAnimation" id=24]
animation = "Walk_Forward2-loop"

[sub_resource type="AnimationNodeAnimation" id=25]
animation = "Walk_Left-loop"

[sub_resource type="AnimationNodeAnimation" id=26]
animation = "Walk_Right-loop"

[sub_resource type="AnimationNodeAnimation" id=27]
animation = "Idle-loop"

[sub_resource type="AnimationNodeBlendSpace2D" id=28]
blend_point_0/node = SubResource( 23 )
blend_point_0/pos = Vector2( 0, 1 )
blend_point_1/node = SubResource( 24 )
blend_point_1/pos = Vector2( 0, -1 )
blend_point_2/node = SubResource( 25 )
blend_point_2/pos = Vector2( -1, 0 )
blend_point_3/node = SubResource( 26 )
blend_point_3/pos = Vector2( 1, 0 )
blend_point_4/node = SubResource( 27 )
blend_point_4/pos = Vector2( 0, 0 )

[sub_resource type="AnimationNodeBlendTree" id=29]
graph_offset = Vector2( -663, 85 )
nodes/Speed/node = SubResource( 22 )
nodes/Speed/position = Vector2( 80, 140 )
nodes/WalkDirection/node = SubResource( 28 )
nodes/WalkDirection/position = Vector2( -140, 120 )
node_connections = [ "output", 0, "Speed", "Speed", 0, "WalkDirection" ]

[sub_resource type="AnimationNodeStateMachine" id=30]
states/Root/node = SubResource( 29 )
states/Root/position = Vector2( 527, 102 )
start_node = "Root"

[sub_resource type="AnimationNodeStateMachinePlayback" id=31]

[node name="CatHuman_Skeleton" instance=ExtResource( 1 )]

[node name="Skeleton" parent="Human_Bomes" index="0"]
bones/2/bound_children = [ NodePath("Hip") ]
bones/3/bound_children = [ NodePath("ThighL") ]
bones/4/bound_children = [ NodePath("CalfL") ]
bones/5/bound_children = [ NodePath("FootL") ]
bones/7/bound_children = [ NodePath("ThighR") ]
bones/8/bound_children = [ NodePath("CalfR") ]
bones/9/bound_children = [ NodePath("FootR") ]
bones/12/bound_children = [ NodePath("Spine2") ]
bones/13/bound_children = [ NodePath("Spine3") ]
bones/15/bound_children = [ NodePath("BicepR") ]
bones/16/bound_children = [ NodePath("ArmR") ]
bones/17/bound_children = [ NodePath("HandR") ]
bones/19/bound_children = [ NodePath("BicepL") ]
bones/20/bound_children = [ NodePath("ArmL") ]
bones/21/bound_children = [ NodePath("HandL") ]
bones/22/bound_children = [ NodePath("Neck") ]
bones/23/bound_children = [ NodePath("Head") ]
script = ExtResource( 2 )
bones = [ "Physical Bone CORE", "Physical Bone POS", "Physical Bone Hip", "Physical Bone ThighL", "Physical Bone CalfL", "Physical Bone FootL", "Physical Bone ThighR", "Physical Bone CalfR", "Physical Bone FootR", "Physical Bone Spine1", "Physical Bone Spine2", "Physical Bone Spine3", "Physical Bone ShoulderR", "Physical Bone BicepR", "Physical Bone ForarmR", "Physical Bone ShoulderL", "Physical Bone BicepL", "Physical Bone ForarmL", "Physical Bone Neck" ]

[node name="CatHuman_TempMesh" parent="Human_Bomes/Skeleton" index="0"]
visible = false
material/0 = ExtResource( 3 )

[node name="Physical Bone CORE" type="PhysicalBone" parent="Human_Bomes/Skeleton" index="1"]
transform = Transform( 1, 0, 0, 0, 0, -1, 0, 1, 0, 0, 0.359547, 0 )
joint_offset = Transform( 1, 0, 0, 0, 1, 0, 0, 0, 1, 0, 0, 0.359547 )
body_offset = Transform( 1, 0, 0, 0, 1, 0, 0, 0, 1, 0, 0, -0.359547 )
bone_name = "CORE"

[node name="CollisionShape" type="CollisionShape" parent="Human_Bomes/Skeleton/Physical Bone CORE" index="0"]
transform = Transform( 1, 0, 0, 0, 0, 1, 0, -1, 0, 0, 0, 0 )
shape = SubResource( 1 )

[node name="Physical Bone POS" type="PhysicalBone" parent="Human_Bomes/Skeleton" index="2"]
transform = Transform( 1.00053, 0.00590439, -0.00119098, -0.00598145, 0.951246, -0.310134, -0.000698612, 0.310134, 0.951266, 0.660814, 0.97043, -0.0787922 )
joint_type = 1
joint_offset = Transform( 1, 0, 0, 0, 1, 0, 0, 0, 1, -0.708926, -0.225886, 0.149574 )
body_offset = Transform( 1.00053, 0.00590439, -0.00119098, -0.00598145, 0.951246, -0.310134, -0.000698611, 0.310134, 0.951266, 0.710814, 0.257021, -0.0727246 )
bone_name = "POS"
joint_constraints/bias = 0.3
joint_constraints/damping = 1.0
joint_constraints/impulse_clamp = 0.0

[node name="CollisionShape" type="CollisionShape" parent="Human_Bomes/Skeleton/Physical Bone POS" index="0"]
transform = Transform( 1, 0, 0, 0, 0, 1, 0, -1, 0, 0, 0, 0 )
shape = SubResource( 2 )

[node name="Physical Bone Hip" type="PhysicalBone" parent="Human_Bomes/Skeleton" index="3"]
transform = Transform( 1.00065, -0.00119418, -0.00590377, -0.00598094, -0.310174, -0.95134, -0.000693562, 0.951387, -0.310178, 0.660853, 0.973723, -0.0723645 )
joint_type = 1
joint_offset = Transform( 1, 0, 0, 0, 1, 0, 0, 0, 1, -0.708677, 0.143886, 0.26147 )
body_offset = Transform( 1.00065, -0.00119418, -0.00590377, -0.000693562, 0.951387, -0.310178, 0.00598094, 0.310174, 0.95134, 0.710853, -0.0562802, -0.289138 )
bone_name = "Hip"
joint_constraints/bias = 0.3
joint_constraints/damping = 1.0
joint_constraints/impulse_clamp = 0.0

[node name="CollisionShape" type="CollisionShape" parent="Human_Bomes/Skeleton/Physical Bone Hip" index="0"]
transform = Transform( 1, 0, 0, 0, 0, 1, 0, -1, 0, 0, 0, 0 )
shape = SubResource( 3 )

[node name="Physical Bone ThighL" type="PhysicalBone" parent="Human_Bomes/Skeleton" index="4"]
transform = Transform( 0.157007, -0.372102, -0.916976, -0.146151, -0.927169, 0.351307, -0.978634, 0.0787306, -0.199256, 0.260883, 0.161074, 0.074377 )
joint_type = 1
joint_offset = Transform( 1, 0, 0, 0, 1, 0, 0, 0, 1, -0.03215, -0.382778, 0.4189 )
body_offset = Transform( 0.262231, -0.479242, -0.840023, 0.96667, 0.100073, 0.244746, -0.0332039, -0.874426, 0.488575, 0.176873, -0.0331401, -0.540443 )
bone_name = "Thigh.L"
joint_constraints/bias = 0.3
joint_constraints/damping = 1.0
joint_constraints/impulse_clamp = 0.0

[node name="CollisionShape" type="CollisionShape" parent="Human_Bomes/Skeleton/Physical Bone ThighL" index="0"]
transform = Transform( 1, 0, 0, 0, 0, 1, 0, -1, 0, 0, 0, 0 )
shape = SubResource( 4 )

[node name="Physical Bone CalfL" type="PhysicalBone" parent="Human_Bomes/Skeleton" index="5"]
transform = Transform( -0.516556, -0.208076, -0.833059, 0.856826, -0.189637, -0.483951, -0.0567224, -0.961734, 0.275607, 0.396962, -0.119191, -0.448034 )
joint_type = 1
joint_offset = Transform( 1, 0, 0, 0, 1, 0, 0, 0, 1, 0.574581, -0.481354, 0.178449 )
body_offset = Transform( -0.350181, -0.120521, -0.931172, 0.194037, 0.963394, -0.197503, 0.918686, -0.249668, -0.31317, 0.309361, 0.387488, -0.592154 )
bone_name = "Calf.L"
joint_constraints/bias = 0.3
joint_constraints/damping = 1.0
joint_constraints/impulse_clamp = 0.0

[node name="CollisionShape" type="CollisionShape" parent="Human_Bomes/Skeleton/Physical Bone CalfL" index="0"]
transform = Transform( 1, 0, 0, 0, 0, 1, 0, -1, 0, 0, 0, 0 )
shape = SubResource( 5 )

[node name="Physical Bone FootL" type="PhysicalBone" parent="Human_Bomes/Skeleton" index="6"]
transform = Transform( 0.13333, 0.653638, 0.748538, 0.30344, 0.693887, -0.658612, -0.945557, 0.314293, -0.106293, -0.490033, 0.343159, -1.05485 )
joint_type = 1
joint_offset = Transform( 1, 0, 0, 0, 1, 0, 0, 0, 1, -0.997874, 0.525936, 0.509756 )
body_offset = Transform( -0.1966, -0.660291, -0.728633, -0.234722, 0.754536, -0.619094, 0.954325, 0.0496942, -0.302052, 0.522514, -0.315473, 1.08013 )
bone_name = "Foot.L"
joint_constraints/bias = 0.3
joint_constraints/damping = 1.0
joint_constraints/impulse_clamp = 0.0

[node name="CollisionShape" type="CollisionShape" parent="Human_Bomes/Skeleton/Physical Bone FootL" index="0"]
transform = Transform( 1, 0, 0, 0, 0, 1, 0, -1, 0, 0, 0, 0 )
shape = SubResource( 6 )

[node name="Physical Bone ThighR" type="PhysicalBone" parent="Human_Bomes/Skeleton" index="7"]
transform = Transform( 0.320936, 0.844498, 0.43316, 0.678323, -0.524032, 0.518157, 0.662716, 0.127668, -0.73982, 0.102913, 1.10014, -0.0221137 )
joint_type = 1
joint_offset = Transform( 1, 0, 0, 0, 1, 0, 0, 0, 1, -0.352516, 0.0448841, -0.327427 )
body_offset = Transform( 0.417113, 0.866259, 0.281929, -0.684208, 0.0937513, 0.725631, 0.600315, -0.494918, 0.630913, 0.200469, -0.00781117, 0.440413 )
bone_name = "Thigh.R"
joint_constraints/bias = 0.3
joint_constraints/damping = 1.0
joint_constraints/impulse_clamp = 0.0

[node name="CollisionShape" type="CollisionShape" parent="Human_Bomes/Skeleton/Physical Bone ThighR" index="0"]
transform = Transform( 1, 0, 0, 0, 0, 1, 0, -1, 0, 0, 0, 0 )
shape = SubResource( 7 )

[node name="Physical Bone CalfR" type="PhysicalBone" parent="Human_Bomes/Skeleton" index="8"]
transform = Transform( -0.826112, 0.383584, 0.418465, -0.170459, -0.872531, 0.462913, 0.540627, 0.310295, 0.784222, -0.585995, 0.054713, -0.492578 )
joint_type = 1
joint_offset = Transform( 1, 0, 0, 0, 1, 0, 0, 0, 1, -0.148781, 0.0574331, 0.747276 )
body_offset = Transform( -0.723389, 0.424868, 0.54875, -0.687192, -0.330841, -0.649998, -0.0942441, -0.845443, 0.530122, -0.542095, 0.402488, -0.361613 )
bone_name = "Calf.R"
joint_constraints/bias = 0.3
joint_constraints/damping = 1.0
joint_constraints/impulse_clamp = 0.0

[node name="CollisionShape" type="CollisionShape" parent="Human_Bomes/Skeleton/Physical Bone CalfR" index="0"]
transform = Transform( 1, 0, 0, 0, 0, 1, 0, -1, 0, 0, 0, 0 )
shape = SubResource( 8 )

[node name="Physical Bone FootR" type="PhysicalBone" parent="Human_Bomes/Skeleton" index="9"]
transform = Transform( 0.629585, -0.0641118, -0.776877, 0.0468098, 0.999939, -0.0444956, 0.777893, -0.00829715, 0.630886, 0.0957155, 0.0447261, -1.3685 )
joint_type = 1
joint_offset = Transform( 1, 0, 0, 0, 1, 0, 0, 0, 1, 0.925291, 0.0210621, 1.02669 )
body_offset = Transform( -0.697873, 0.0711072, 0.715588, 0.419792, 0.849765, 0.325181, -0.583608, 0.526214, -0.621635, -0.0904466, -0.740186, 1.16715 )
bone_name = "Foot.R"
joint_constraints/bias = 0.3
joint_constraints/damping = 1.0
joint_constraints/impulse_clamp = 0.0

[node name="CollisionShape" type="CollisionShape" parent="Human_Bomes/Skeleton/Physical Bone FootR" index="0"]
transform = Transform( 1, 0, 0, 0, 0, 1, 0, -1, 0, 0, 0, 0 )
shape = SubResource( 9 )

[node name="Physical Bone Spine1" type="PhysicalBone" parent="Human_Bomes/Skeleton" index="10"]
transform = Transform( -0.995887, -0.0970549, -0.0315653, -0.0898221, 0.981258, -0.179879, 0.0483754, -0.176602, -0.986518, 0.652168, 0.992544, 0.1268 )
joint_type = 1
joint_offset = Transform( 1, 0, 0, 0, 1, 0, 0, 0, 1, 0.715048, -0.170732, 0.210075 )
body_offset = Transform( 0.994213, 0.113508, 0.0294819, -0.0558144, 0.237102, 0.973357, 0.103084, -0.96663, 0.241409, -0.697724, -0.124087, -0.289458 )
bone_name = "Spine1"
joint_constraints/bias = 0.3
joint_constraints/damping = 1.0
joint_constraints/impulse_clamp = 0.0

[node name="CollisionShape" type="CollisionShape" parent="Human_Bomes/Skeleton/Physical Bone Spine1" index="0"]
transform = Transform( 1, 0, 0, 0, 0, 1, 0, -1, 0, 0, 0, 0 )
shape = SubResource( 10 )

[node name="Physical Bone Spine2" type="PhysicalBone" parent="Human_Bomes/Skeleton" index="11"]
transform = Transform( 0.971229, 0.171487, -0.154089, 0.229386, -0.790164, 0.568951, -0.0241869, -0.588631, -0.808541, 0.667898, 0.879371, 0.230537 )
joint_type = 1
joint_offset = Transform( 1, 0, 0, 0, 1, 0, 0, 0, 1, -0.712032, 0.0852993, 0.258154 )
body_offset = Transform( 0.963003, 0.195393, -0.175826, 0.0121685, -0.701279, -0.713254, -0.262613, 0.685771, -0.679368, 0.714413, 0.252612, -0.0701029 )
bone_name = "Spine2"
joint_constraints/bias = 0.3
joint_constraints/damping = 1.0
joint_constraints/impulse_clamp = 0.0

[node name="CollisionShape" type="CollisionShape" parent="Human_Bomes/Skeleton/Physical Bone Spine2" index="0"]
transform = Transform( 1, 0, 0, 0, 0, 1, 0, -1, 0, 0, 0, 0 )
shape = SubResource( 11 )

[node name="Physical Bone Spine3" type="PhysicalBone" parent="Human_Bomes/Skeleton" index="12"]
transform = Transform( 0.949735, 0.10802, -0.324182, 0.334076, -0.060781, 0.946672, 0.0824855, -1.00003, -0.0934271, 0.720638, 0.751247, 0.138063 )
joint_type = 1
joint_offset = Transform( 1, 0, 0, 0, 1, 0, 0, 0, 1, -0.687527, 0.0692394, 0.37441 )
body_offset = Transform( 0.932721, 0.10261, -0.371316, 0.190063, -0.96801, 0.204921, -0.338105, -0.260491, -0.911121, 0.773191, 0.120974, 0.126713 )
bone_name = "Spine3"
joint_constraints/bias = 0.3
joint_constraints/damping = 1.0
joint_constraints/impulse_clamp = 0.0

[node name="CollisionShape" type="CollisionShape" parent="Human_Bomes/Skeleton/Physical Bone Spine3" index="0"]
transform = Transform( 1, 0, 0, 0, 0, 1, 0, -1, 0, 0, 0, 0 )
shape = SubResource( 12 )

[node name="Physical Bone ShoulderR" type="PhysicalBone" parent="Human_Bomes/Skeleton" index="13"]
transform = Transform( -0.0578167, 0.177586, 0.98301, -0.0835408, -0.98207, 0.172465, 0.995418, -0.0720834, 0.0715459, 0.678627, 0.669526, 0.141481 )
joint_type = 3
joint_offset = Transform( 1, 0, 0, 0, 1, 0, 0, 0, 1, -0.195788, -0.449098, -0.683943 )
body_offset = Transform( -0.967775, 0.233646, -0.0999213, -0.239061, -0.970545, 0.045757, -0.0862586, 0.0681669, 0.994532, -0.152889, -0.45138, 0.693928 )
bone_name = "Shoulder.R"
joint_constraints/angular_limit_enabled = false
joint_constraints/angular_limit_upper = 90.0
joint_constraints/angular_limit_lower = -90.0
joint_constraints/angular_limit_bias = 0.3
joint_constraints/angular_limit_softness = 0.9
joint_constraints/angular_limit_relaxation = 1.0

[node name="CollisionShape" type="CollisionShape" parent="Human_Bomes/Skeleton/Physical Bone ShoulderR" index="0"]
transform = Transform( 1, 0, 0, 0, 0, 1, 0, -1, 0, 0, 0, 0 )
shape = SubResource( 13 )

[node name="Physical Bone BicepR" type="PhysicalBone" parent="Human_Bomes/Skeleton" index="14"]
transform = Transform( 0.065982, 0.762139, 0.645181, -0.989035, -0.03959, 0.147743, 0.138122, -0.647245, 0.750735, 0.689457, 0.865665, 0.123436 )
joint_type = 3
joint_offset = Transform( 1, 0, 0, 0, 1, 0, 0, 0, 1, -0.212821, -0.518815, -0.663317 )
body_offset = Transform( 0.0166865, 0.656623, -0.755082, -0.766717, -0.476829, -0.431811, -0.643031, 0.585516, 0.495056, -0.156641, -0.696987, 0.495303 )
bone_name = "Bicep.R"
joint_constraints/angular_limit_enabled = false
joint_constraints/angular_limit_upper = 90.0
joint_constraints/angular_limit_lower = -90.0
joint_constraints/angular_limit_bias = 0.3
joint_constraints/angular_limit_softness = 0.9
joint_constraints/angular_limit_relaxation = 1.0

[node name="CollisionShape" type="CollisionShape" parent="Human_Bomes/Skeleton/Physical Bone BicepR" index="0"]
transform = Transform( 1, 0, 0, 0, 0, 1, 0, -1, 0, 0, 0, 0 )
shape = SubResource( 14 )

[node name="Physical Bone ForarmR" type="PhysicalBone" parent="Human_Bomes/Skeleton" index="15"]
transform = Transform( 0.36636, -0.393756, 0.844004, -0.929489, -0.0996112, 0.357194, -0.0564684, -0.914573, -0.402205, 0.365507, 0.861289, -0.0792054 )
joint_type = 3
joint_offset = Transform( 1, 0, 0, 0, 1, 0, 0, 0, 1, -0.253356, 0.223358, -0.540755 )
body_offset = Transform( 0.281846, 0.940885, 0.191486, -0.895933, 0.329522, -0.300157, -0.345289, -0.0869421, 0.935382, -0.0351999, -0.462902, 0.437751 )
bone_name = "Forarm.R"
joint_constraints/angular_limit_enabled = false
joint_constraints/angular_limit_upper = 90.0
joint_constraints/angular_limit_lower = -90.0
joint_constraints/angular_limit_bias = 0.3
joint_constraints/angular_limit_softness = 0.9
joint_constraints/angular_limit_relaxation = 1.0

[node name="CollisionShape" type="CollisionShape" parent="Human_Bomes/Skeleton/Physical Bone ForarmR" index="0"]
transform = Transform( 1, 1.49012e-08, 0, -2.98023e-08, 4.47035e-08, 1, -2.98023e-08, -1, 2.23517e-08, 0, 0, 0 )
shape = SubResource( 15 )

[node name="Physical Bone ShoulderL" type="PhysicalBone" parent="Human_Bomes/Skeleton" index="16"]
transform = Transform( 0.0563721, 0.484022, -0.873292, 0.0827424, -0.873805, -0.479007, -0.993928, -0.0455042, -0.0894848, 0.8021, 0.71305, 0.152294 )
joint_type = 3
joint_offset = Transform( 1, 0, 0, 0, 1, 0, 0, 0, 1, 0.199214, -0.642594, 0.593607 )
body_offset = Transform( -0.966508, -0.190074, -0.166981, 0.252538, -0.732024, -0.632491, -0.0020921, -0.654137, 0.756416, 0.169523, -0.145252, -0.868942 )
bone_name = "Shoulder.L"
joint_constraints/angular_limit_enabled = false
joint_constraints/angular_limit_upper = 90.0
joint_constraints/angular_limit_lower = -90.0
joint_constraints/angular_limit_bias = 0.3
joint_constraints/angular_limit_softness = 0.9
joint_constraints/angular_limit_relaxation = 1.0

[node name="CollisionShape" type="CollisionShape" parent="Human_Bomes/Skeleton/Physical Bone ShoulderL" index="0"]
transform = Transform( 1, 0, 0, 0, 0, 1, 0, -1, 0, 0, 0, 0 )
shape = SubResource( 16 )

[node name="Physical Bone BicepL" type="PhysicalBone" parent="Human_Bomes/Skeleton" index="17"]
transform = Transform( -0.538972, 0.262762, -0.8012, 0.630136, -0.506404, -0.589855, -0.56036, -0.822218, 0.107238, 0.721494, 0.960717, 0.055779 )
joint_type = 3
joint_offset = Transform( 1, 0, 0, 0, 1, 0, 0, 0, 1, 0.436994, -0.0849283, 0.493502 )
body_offset = Transform( -0.464823, -0.886261, 0.00536778, 0.0548492, -0.0348443, -0.998561, 0.884588, -0.463528, 0.0647859, 0.125208, 0.465863, -0.457899 )
bone_name = "Bicep.L"
joint_constraints/angular_limit_enabled = false
joint_constraints/angular_limit_upper = 90.0
joint_constraints/angular_limit_lower = -90.0
joint_constraints/angular_limit_bias = 0.3
joint_constraints/angular_limit_softness = 0.9
joint_constraints/angular_limit_relaxation = 1.0

[node name="CollisionShape" type="CollisionShape" parent="Human_Bomes/Skeleton/Physical Bone BicepL" index="0"]
transform = Transform( 1, 0, 0, 0, 0, 1, 0, -1, 0, 0, 0, 0 )
shape = SubResource( 17 )

[node name="Physical Bone ForarmL" type="PhysicalBone" parent="Human_Bomes/Skeleton" index="18"]
transform = Transform( -0.337456, 0.936949, -0.094811, 0.902519, 0.293252, -0.316231, -0.268558, -0.192294, -0.944245, 1.02399, 1.20806, 0.295283 )
joint_type = 3
joint_offset = Transform( 1, 0, 0, 0, 1, 0, 0, 0, 1, 0.06216, -0.826908, 0.514211 )
body_offset = Transform( 0.0436822, -0.182259, -0.982576, 0.327282, 0.93205, -0.158227, 0.944202, -0.314503, 0.100488, 0.351825, 0.831738, -0.370429 )
bone_name = "Forarm.L"
joint_constraints/angular_limit_enabled = false
joint_constraints/angular_limit_upper = 90.0
joint_constraints/angular_limit_lower = -90.0
joint_constraints/angular_limit_bias = 0.3
joint_constraints/angular_limit_softness = 0.9
joint_constraints/angular_limit_relaxation = 1.0

[node name="CollisionShape" type="CollisionShape" parent="Human_Bomes/Skeleton/Physical Bone ForarmL" index="0"]
transform = Transform( 1, 0, 0, 0, 0, 1, 0, -1, 0, 0, 0, 0 )
shape = SubResource( 18 )

[node name="Physical Bone Neck" type="PhysicalBone" parent="Human_Bomes/Skeleton" index="19"]
transform = Transform( -0.452993, 0.0236684, -0.893918, -0.48335, -0.84955, 0.222254, -0.752552, 0.531436, 0.395181, 0.891876, 1.16515, 0.290452 )
joint_type = 1
joint_offset = Transform( 1, 0, 0, 0, 1, 0, 0, 0, 1, 0.748436, -0.107031, 0.657557 )
body_offset = Transform( 0.40498, -0.158833, 0.903094, 0.722796, -0.552429, -0.421063, 0.564555, 0.821167, -0.108536, -0.913938, -0.323221, -0.263274 )
bone_name = "Neck"
joint_constraints/bias = 0.3
joint_constraints/damping = 1.0
joint_constraints/impulse_clamp = 0.0

[node name="CollisionShape" type="CollisionShape" parent="Human_Bomes/Skeleton/Physical Bone Neck" index="0"]
transform = Transform( 1, 0, 0, 0, 0, 1, 0, -1, 0, 0, 0, 0 )
shape = SubResource( 19 )

[node name="Spine2" type="BoneAttachment" parent="Human_Bomes/Skeleton" index="20"]
transform = Transform( 0.999444, 0.00137388, -0.0332957, -0.0331196, 0.151456, -0.987909, 0.00368556, 0.988463, 0.151418, -0.048799, 0.795517, -0.0111788 )
bone_name = "Spine2"

[node name="Cat4" parent="Human_Bomes/Skeleton/Spine2" index="0" instance=ExtResource( 6 )]
transform = Transform( -0.57958, -0.777176, 0.245119, -0.647274, 0.621776, 0.440942, -0.495099, 0.0969016, -0.863415, -0.0763135, 0.000249438, 0.0382984 )

[node name="Cat5" parent="Human_Bomes/Skeleton/Spine2" index="1" instance=ExtResource( 6 )]
transform = Transform( -0.242316, 0.970135, 0.0108764, 0.890182, 0.217859, 0.400141, 0.385822, 0.106642, -0.916389, 0.0554044, -0.0144411, 0.0630177 )

[node name="Spine3" type="BoneAttachment" parent="Human_Bomes/Skeleton" index="21"]
transform = Transform( 0.998744, 0.00760172, -0.0495112, -0.0494029, 0.312802, -0.948533, 0.00827674, 0.949788, 0.312785, -0.0462282, 0.871795, -0.02287 )
bone_name = "Spine3"

[node name="Cat" parent="Human_Bomes/Skeleton/Spine3" index="0" instance=ExtResource( 6 )]

[node name="Cat4" parent="Human_Bomes/Skeleton/Spine3" index="1" instance=ExtResource( 6 )]
transform = Transform( 0.788272, -0.615312, 0.00414561, -0.585651, -0.748171, 0.311854, -0.188786, -0.248254, -0.950121, -0.051, -0.031, -0.085 )

[node name="Cat5" parent="Human_Bomes/Skeleton/Spine3" index="2" instance=ExtResource( 6 )]
transform = Transform( 0.963531, 0.202712, 0.174689, 0.134077, -0.930661, 0.340429, 0.231586, -0.304591, -0.9239, 0.075, -0.047, -0.092 )

[node name="Head" type="BoneAttachment" parent="Human_Bomes/Skeleton" index="22"]
transform = Transform( -0.972023, 0.119222, -0.202377, 0.228129, 0.274043, -0.934268, -0.0559256, -0.954299, -0.293574, -0.0300279, 1.09387, -0.068136 )
bone_name = "Head"

[node name="Cat2" parent="Human_Bomes/Skeleton/Head" index="0" instance=ExtResource( 6 )]
transform = Transform( -0.973499, 0.115921, -0.197132, 0.226634, 0.373701, -0.899436, -0.030595, -0.920276, -0.39007, -0.007, 0.008, -0.046 )

[node name="Hat" type="Spatial" parent="Human_Bomes/Skeleton/Head" index="1"]
transform = Transform( -0.971468, 0.0529439, -0.231183, 0.236738, 0.15773, -0.958686, -0.014292, -0.986061, -0.165764, -0.00597826, -0.00540441, -0.177804 )

[node name="RigidBody" type="RigidBody" parent="Human_Bomes/Skeleton/Head/Hat" index="0"]
collision_layer = 7
collision_mask = 7
mass = 0.1
script = ExtResource( 4 )
IsHat = true

[node name="CollisionShape" type="CollisionShape" parent="Human_Bomes/Skeleton/Head/Hat/RigidBody" index="0"]
transform = Transform( 1, 1.02445e-08, 2.98023e-08, 9.49949e-08, 0.998652, 0.0519003, -7.45058e-08, -0.0519003, 0.998652, 0.00312153, -0.00880313, 0.00138502 )
shape = SubResource( 20 )

[node name="Hat" type="MeshInstance" parent="Human_Bomes/Skeleton/Head/Hat/RigidBody" index="1"]
transform = Transform( 0.0483, 1.59314e-09, -1.54628e-09, -1.59314e-09, 0.0483001, 1.49943e-09, 8.43431e-10, 9.5953e-23, 0.0483, 2.33202e-08, -0.0212529, 0.00316616 )
mesh = ExtResource( 7 )
material/0 = ExtResource( 5 )

[node name="Cat_00" type="MeshInstance" parent="Human_Bomes/Skeleton/Head/Hat/RigidBody" index="2"]
transform = Transform( 0.0483, 1.59314e-09, -1.54628e-09, -1.59314e-09, 0.0483001, 1.49943e-09, 8.43431e-10, 9.5953e-23, 0.0483, 2.33202e-08, -0.0212529, 0.00316616 )
visible = false
mesh = ExtResource( 7 )
material/0 = null

[node name="Cat_01" type="MeshInstance" parent="Human_Bomes/Skeleton/Head/Hat/RigidBody" index="3"]
transform = Transform( 0.0483, 1.59314e-09, -1.54628e-09, -1.59314e-09, 0.0483001, 1.49943e-09, 8.43431e-10, 9.5953e-23, 0.0483, 2.33202e-08, -0.0212529, 0.00316616 )
visible = false
mesh = ExtResource( 7 )
material/0 = null

[node name="BicepR" type="BoneAttachment" parent="Human_Bomes/Skeleton" index="23"]
transform = Transform( 0.0145176, -0.69148, 0.72225, -0.153878, 0.712176, 0.684928, -0.987983, -0.121082, -0.0960646, -0.147953, 0.998691, -0.068135 )
bone_name = "Bicep.R"

[node name="Cat2" parent="Human_Bomes/Skeleton/BicepR" index="0" instance=ExtResource( 6 )]
transform = Transform( -0.979658, -0.188412, -0.0690711, -0.17774, 0.974465, -0.137203, 0.0931581, -0.122135, -0.988132, -0.00699993, 0.00800002, -0.046 )

[node name="BicepL" type="BoneAttachment" parent="Human_Bomes/Skeleton" index="24"]
transform = Transform( 0.0132952, 0.76029, -0.649447, 0.152503, 0.640365, 0.752779, 0.988214, -0.109051, -0.107432, 0.0682571, 0.987997, -0.0663432 )
bone_name = "Bicep.L"

[node name="Cat2" parent="Human_Bomes/Skeleton/BicepL" index="0" instance=ExtResource( 6 )]
transform = Transform( 0.981986, -0.188412, -0.0143296, 0.188744, 0.974465, 0.121622, -0.00895139, -0.122135, 0.992474, -0.00403776, -0.00732023, -0.0440798 )

[node name="Hip" type="BoneAttachment" parent="Human_Bomes/Skeleton" index="25"]
transform = Transform( 1, 5.55112e-17, 7.88861e-31, -1.32134e-28, 1.19209e-07, -1, -5.55112e-17, 1, 1.42111e-14, -0.05, 0.684585, -0.0160843 )
bone_name = "Hip"

[node name="Cat2" parent="Human_Bomes/Skeleton/Hip" index="0" instance=ExtResource( 6 )]
transform = Transform( -0.215942, -0.188412, 0.958056, -0.162426, 0.974465, 0.155029, -0.962802, -0.122135, -0.241031, 0.00720563, 0.0485154, -0.0560211 )

[node name="Cat3" parent="Human_Bomes/Skeleton/Hip" index="1" instance=ExtResource( 6 )]
transform = Transform( 0.680531, -0.0606003, -0.73021, -0.110943, -0.993605, -0.0209353, -0.724272, 0.0952585, -0.682903, -0.026364, -0.0580665, -0.0668725 )

[node name="ThighL" type="BoneAttachment" parent="Human_Bomes/Skeleton" index="26"]
transform = Transform( 0.985747, -0.109355, -0.12723, 0.110506, -0.147407, 0.982883, -0.126531, -0.982626, -0.133145, 0.0141462, 0.667836, -0.00776459 )
bone_name = "Thigh.L"

[node name="Cat2" parent="Human_Bomes/Skeleton/ThighL" index="0" instance=ExtResource( 6 )]
transform = Transform( -0.0369687, 0.999193, -0.0156374, 0.998082, 0.0361407, -0.0502762, -0.0496705, -0.0174659, -0.998614, 0.00621585, -0.00244148, -0.0595343 )

[node name="Cat3" parent="Human_Bomes/Skeleton/ThighL" index="1" instance=ExtResource( 6 )]
transform = Transform( -0.965322, 0.260421, 0.00879556, -0.254281, -0.934759, -0.248672, -0.0565208, -0.242366, 0.968531, 0.0154403, -0.0147418, -0.156734 )

[node name="ThighR" type="BoneAttachment" parent="Human_Bomes/Skeleton" index="27"]
transform = Transform( 0.983686, 0.172877, 0.0481612, -0.0243269, -0.137429, 0.990213, 0.178082, -0.974902, -0.130932, -0.114146, 0.667836, -0.00776459 )
bone_name = "Thigh.R"

[node name="Cat2" parent="Human_Bomes/Skeleton/ThighR" index="0" instance=ExtResource( 6 )]
transform = Transform( -0.450807, -0.881569, -0.14074, 0.887099, -0.425409, -0.17859, 0.0975367, -0.20543, 0.973794, -0.0257609, -0.00478917, -0.0589153 )

[node name="Cat3" parent="Human_Bomes/Skeleton/ThighR" index="1" instance=ExtResource( 6 )]
transform = Transform( -0.969531, 0.00522979, -0.244333, 0.0721269, -0.949261, -0.306592, -0.233469, -0.314978, 0.91993, -0.033852, -0.0204207, -0.163561 )

[node name="CalfL" type="BoneAttachment" parent="Human_Bomes/Skeleton" index="28"]
transform = Transform( 0.977528, -0.135433, -0.161062, 0.172734, 0.0791993, 0.981779, -0.120502, -0.98722, 0.100836, 0.0516582, 0.378047, 0.0314914 )
bone_name = "Calf.L"

[node name="Cat2" parent="Human_Bomes/Skeleton/CalfL" index="0" instance=ExtResource( 6 )]
transform = Transform( -0.991685, -0.0991568, 0.0754323, 0.0702905, -0.945691, -0.319002, 0.102928, -0.311133, 0.944781, 0.001035, -0.0157723, -0.0642706 )

[node name="Cat3" parent="Human_Bomes/Skeleton/CalfL" index="1" instance=ExtResource( 6 )]
transform = Transform( 0.765525, 0.579155, 0.280137, -0.591455, 0.804915, -0.0475051, -0.252956, -0.129326, 0.958858, 0.0201943, 0.00723913, -0.163523 )

[node name="CalfR" type="BoneAttachment" parent="Human_Bomes/Skeleton" index="29"]
transform = Transform( 0.985368, 0.168225, -0.0243522, 0.00672422, 0.104584, 0.994493, 0.170126, -0.979779, 0.101884, -0.128346, 0.375886, 0.030839 )
bone_name = "Calf.R"

[node name="Cat2" parent="Human_Bomes/Skeleton/CalfR" index="0" instance=ExtResource( 6 )]
transform = Transform( 0.99415, -0.103205, 0.00309246, -0.103067, -0.992727, 0.0693675, -0.00408489, -0.0693474, -0.997618, 0.00370038, 0.00983147, -0.0624821 )

[node name="Cat3" parent="Human_Bomes/Skeleton/CalfR" index="1" instance=ExtResource( 6 )]
transform = Transform( 0.37107, -0.928298, -0.0240209, 0.927261, 0.369139, 0.0614387, -0.0482456, -0.045083, 0.997893, -0.0141942, 0.00568486, -0.164829 )

[node name="FootL" type="BoneAttachment" parent="Human_Bomes/Skeleton" index="30"]
transform = Transform( -0.99771, -0.00243843, -0.0664253, -0.0367213, 0.853222, 0.520253, 0.0557236, 0.521356, -0.851102, 0.102264, 0.0695725, -0.000191346 )
bone_name = "Foot.L"

[node name="Cat2" parent="Human_Bomes/Skeleton/FootL" index="0" instance=ExtResource( 6 )]
transform = Transform( -0.993403, 4.2608e-08, -0.110172, -0.0521957, 0.880936, 0.471156, 0.0969544, 0.474256, -0.875179, 0.00028415, 0.00789822, -0.05816 )

[node name="StaticBody" type="StaticBody" parent="Human_Bomes/Skeleton/FootL" index="1"]
transform = Transform( 1, 1.97906e-08, -1.11759e-08, -2.04891e-08, 0.863413, -0.504497, 0, 0.504498, 0.863413, 0, 0, 0 )
collision_mask = 4

[node name="CollisionShape" type="CollisionShape" parent="Human_Bomes/Skeleton/FootL/StaticBody" index="0"]
shape = SubResource( 21 )

[node name="FootR" type="BoneAttachment" parent="Human_Bomes/Skeleton" index="31"]
transform = Transform( -0.995704, -0.0424818, 0.0813156, 0.00650244, 0.851419, 0.524446, -0.0918191, 0.522561, -0.847225, -0.120694, 0.0634166, -0.00117284 )
bone_name = "Foot.R"

[node name="Cat2" parent="Human_Bomes/Skeleton/FootR" index="0" instance=ExtResource( 6 )]
transform = Transform( -0.999472, 9.68575e-08, 0.00544547, 0.00257998, 0.880936, 0.474035, -0.00479217, 0.474256, -0.880526, 0.0100114, 0.00560474, -0.05708 )

[node name="StaticBody" type="StaticBody" parent="Human_Bomes/Skeleton/FootR" index="1"]
transform = Transform( 1, 1.86265e-08, -1.49012e-08, -2.98023e-08, 0.863413, -0.504497, 7.45058e-09, 0.504498, 0.863413, 0, 0, 0 )
collision_mask = 4

[node name="CollisionShape" type="CollisionShape" parent="Human_Bomes/Skeleton/FootR/StaticBody" index="0"]
shape = SubResource( 21 )

[node name="HandL" type="BoneAttachment" parent="Human_Bomes/Skeleton" index="32"]
transform = Transform( -0.118013, 0.824833, -0.552923, 0.277145, 0.562047, 0.77929, 0.953553, -0.0612737, -0.294927, 0.292845, 0.726532, 0.00443875 )
bone_name = "Hand.L"

[node name="Cat2" parent="Human_Bomes/Skeleton/HandL" index="0" instance=ExtResource( 6 )]
transform = Transform( -0.999472, 0.00224619, 0.00496119, 0.00257999, 0.998107, 0.0688469, -0.00479224, 0.0688897, -0.997647, 0.0102115, 0.00838226, -0.0973285 )

[node name="StaticBody" type="StaticBody" parent="Human_Bomes/Skeleton/HandL" index="1"]
transform = Transform( 1, 0, 0, -2.23517e-08, 1, -3.53903e-08, 0, 3.72529e-09, 1, 0, -5.96046e-08, -0.0973457 )
collision_mask = 4

[node name="CollisionShape" type="CollisionShape" parent="Human_Bomes/Skeleton/HandL/StaticBody" index="0"]
shape = SubResource( 21 )

[node name="HandR" type="BoneAttachment" parent="Human_Bomes/Skeleton" index="33"]
transform = Transform( -0.127441, -0.764479, 0.631927, -0.266237, 0.640106, 0.720682, -0.955446, -0.0763982, -0.285108, -0.398387, 0.760724, -0.0012898 )
bone_name = "Hand.R"

[node name="Cat2" parent="Human_Bomes/Skeleton/HandR" index="0" instance=ExtResource( 6 )]
transform = Transform( -0.999472, 0.00224619, 0.00496119, 0.00257999, 0.998107, 0.0688469, -0.00479224, 0.0688897, -0.997647, 0.0102115, 0.00838226, -0.0973285 )

[node name="StaticBody2" type="StaticBody" parent="Human_Bomes/Skeleton/HandR" index="1"]
transform = Transform( 1, 0, 0, 0, 1, 0, 0, 0, 1, 0, 0, 0 )
collision_mask = 4

[node name="CollisionShape" type="CollisionShape" parent="Human_Bomes/Skeleton/HandR/StaticBody2" index="0"]
shape = SubResource( 21 )

[node name="ArmL" type="BoneAttachment" parent="Human_Bomes/Skeleton" index="34"]
transform = Transform( -0.0923182, 0.777151, -0.622506, 0.296716, 0.618245, 0.727828, 0.950493, -0.117516, -0.287668, 0.179495, 0.85906, -0.0479421 )
bone_name = "Forarm.L"

[node name="Cat2" parent="Human_Bomes/Skeleton/ArmL" index="0" instance=ExtResource( 6 )]
transform = Transform( 0.876282, -0.480628, 0.0237017, 0.480709, 0.87654, -0.0331881, -0.00481926, 0.0405148, 0.999201, 0.0108442, 0.00705951, -0.0781859 )

[node name="ArmR" type="BoneAttachment" parent="Human_Bomes/Skeleton" index="35"]
transform = Transform( -0.105421, -0.710299, 0.695961, -0.286935, 0.691821, 0.66261, -0.952132, -0.129843, -0.276742, -0.271661, 0.881377, -0.051681 )
bone_name = "Forarm.R"

[node name="Cat2" parent="Human_Bomes/Skeleton/ArmR" index="0" instance=ExtResource( 6 )]
transform = Transform( 0.638207, -0.76977, -0.0173668, 0.767588, 0.635884, 0.0790362, -0.0497451, -0.0638335, 0.996753, 0.0119224, 0.00555003, -0.032738 )

[node name="Neck" type="BoneAttachment" parent="Human_Bomes/Skeleton" index="36"]
transform = Transform( -0.989719, 0.0359397, -0.138435, 0.139414, 0.0263333, -0.989884, -0.0319307, -0.999007, -0.031073, -0.0374959, 1.04047, -0.0698123 )
bone_name = "Neck"

[node name="Cat2" parent="Human_Bomes/Skeleton/Neck" index="0" instance=ExtResource( 6 )]
transform = Transform( -0.988105, 0.0490622, -0.145743, 0, 0.947741, 0.319043, 0.153779, 0.315248, -0.936467, 0.00778584, -0.00707579, 0.0468356 )

[node name="AnimationTree" type="AnimationTree" parent="." index="2"]
tree_root = SubResource( 30 )
anim_player = NodePath("../AnimationPlayer")
active = true
process_mode = 0
parameters/playback = SubResource( 31 )
parameters/Root/Speed/scale = 0.0
parameters/Root/WalkDirection/blend_position = Vector2( 0, 0 )
