[gd_scene load_steps=40 format=2]

[ext_resource path="res://Models/CatHuman/CatHuman_Skeleton.dae" type="PackedScene" id=1]
[ext_resource path="res://Scripts/EnableRagdoll.gd" type="Script" id=2]
[ext_resource path="res://Materials/CatHuman/CatHuman_BoneTest.tres" type="Material" id=3]
[ext_resource path="res://Scripts/Cat.gd" type="Script" id=4]
[ext_resource path="res://Materials/CatHuman/Cat.tres" type="Material" id=5]
[ext_resource path="res://Scenes/Cats/Cat.tscn" type="PackedScene" id=6]
[ext_resource path="res://Models/CatHuman/Hat.obj" type="ArrayMesh" id=7]
[ext_resource path="res://Scripts/CatDiscarder.gd" type="Script" id=8]

[sub_resource type="CapsuleShape" id=1]
radius = 0.0719093
height = 0.575275

[sub_resource type="CapsuleShape" id=2]
radius = 0.00305143
height = 0.0244114

[sub_resource type="CapsuleShape" id=3]
radius = 0.00668168
height = 0.0534534

[sub_resource type="CapsuleShape" id=4]
radius = 0.0294836
height = 0.235869

[sub_resource type="CapsuleShape" id=5]
radius = 0.03142
height = 0.25136

[sub_resource type="CapsuleShape" id=6]
radius = 0.00978011
height = 0.0782409

[sub_resource type="CapsuleShape" id=7]
radius = 0.0294836
height = 0.235869

[sub_resource type="CapsuleShape" id=8]
radius = 0.03142
height = 0.25136

[sub_resource type="CapsuleShape" id=9]
radius = 0.00978012
height = 0.0782409

[sub_resource type="CapsuleShape" id=10]
radius = 0.00726718
height = 0.0581375

[sub_resource type="CapsuleShape" id=11]
radius = 0.00772115
height = 0.0617692

[sub_resource type="CapsuleShape" id=12]
radius = 0.0145906
height = 0.116724

[sub_resource type="CapsuleShape" id=13]
radius = 0.00864569
height = 0.0691656

[sub_resource type="CapsuleShape" id=14]
radius = 0.0171281
height = 0.137024

[sub_resource type="CapsuleShape" id=15]
radius = 0.0182087
height = 0.14567

[sub_resource type="CapsuleShape" id=16]
radius = 0.0086457
height = 0.0691656

[sub_resource type="CapsuleShape" id=17]
radius = 0.017128
height = 0.137024

[sub_resource type="CapsuleShape" id=18]
radius = 0.0182088
height = 0.14567

[sub_resource type="CapsuleShape" id=19]
radius = 0.00539465
height = 0.0431572

[sub_resource type="CylinderShape" id=20]
radius = 0.131752
height = 0.0926904

[sub_resource type="BoxShape" id=21]
extents = Vector3( 0.114987, 0.11502, 0.160594 )

[sub_resource type="AnimationNodeTimeScale" id=22]

[sub_resource type="AnimationNodeAnimation" id=23]
animation = "Walk_Forward2-loop"

[sub_resource type="AnimationNodeAnimation" id=24]
animation = "Walk_Forward2-loop"

[sub_resource type="AnimationNodeAnimation" id=25]
animation = "Walk_Left-loop"

[sub_resource type="AnimationNodeAnimation" id=26]
animation = "Walk_Right-loop"

[sub_resource type="AnimationNodeAnimation" id=27]
animation = "Idle-loop"

[sub_resource type="AnimationNodeBlendSpace2D" id=28]
blend_point_0/node = SubResource( 23 )
blend_point_0/pos = Vector2( 0, 1 )
blend_point_1/node = SubResource( 24 )
blend_point_1/pos = Vector2( 0, -1 )
blend_point_2/node = SubResource( 25 )
blend_point_2/pos = Vector2( -1, 0 )
blend_point_3/node = SubResource( 26 )
blend_point_3/pos = Vector2( 1, 0 )
blend_point_4/node = SubResource( 27 )
blend_point_4/pos = Vector2( 0, 0 )

[sub_resource type="AnimationNodeBlendTree" id=29]
graph_offset = Vector2( -663, 85 )
nodes/Speed/node = SubResource( 22 )
nodes/Speed/position = Vector2( 80, 140 )
nodes/WalkDirection/node = SubResource( 28 )
nodes/WalkDirection/position = Vector2( -140, 120 )
node_connections = [ "output", 0, "Speed", "Speed", 0, "WalkDirection" ]

[sub_resource type="AnimationNodeStateMachine" id=30]
states/Root/node = SubResource( 29 )
states/Root/position = Vector2( 527, 102 )
start_node = "Root"

[sub_resource type="AnimationNodeStateMachinePlayback" id=31]

[node name="CatHuman_Skeleton" instance=ExtResource( 1 )]
script = ExtResource( 8 )

[node name="Skeleton" parent="Human_Bomes" index="0"]
bones/2/bound_children = [ NodePath("Hip") ]
bones/3/bound_children = [ NodePath("ThighL") ]
bones/4/bound_children = [ NodePath("CalfL") ]
bones/5/bound_children = [ NodePath("FootL") ]
bones/7/bound_children = [ NodePath("ThighR") ]
bones/8/bound_children = [ NodePath("CalfR") ]
bones/9/bound_children = [ NodePath("FootR") ]
bones/12/bound_children = [ NodePath("Spine2") ]
bones/13/bound_children = [ NodePath("Spine3") ]
bones/15/bound_children = [ NodePath("BicepR") ]
bones/16/bound_children = [ NodePath("ArmR") ]
bones/17/bound_children = [ NodePath("HandR") ]
bones/19/bound_children = [ NodePath("BicepL") ]
bones/20/bound_children = [ NodePath("ArmL") ]
bones/21/bound_children = [ NodePath("HandL") ]
bones/22/bound_children = [ NodePath("Neck") ]
bones/23/bound_children = [ NodePath("Head") ]
script = ExtResource( 2 )
bones = [ "Physical Bone CORE", "Physical Bone POS", "Physical Bone Hip", "Physical Bone ThighL", "Physical Bone CalfL", "Physical Bone FootL", "Physical Bone ThighR", "Physical Bone CalfR", "Physical Bone FootR", "Physical Bone Spine1", "Physical Bone Spine2", "Physical Bone Spine3", "Physical Bone ShoulderR", "Physical Bone BicepR", "Physical Bone ForarmR", "Physical Bone ShoulderL", "Physical Bone BicepL", "Physical Bone ForarmL", "Physical Bone Neck" ]

[node name="CatHuman_TempMesh" parent="Human_Bomes/Skeleton" index="0"]
visible = false
material/0 = ExtResource( 3 )

[node name="Physical Bone CORE" type="PhysicalBone" parent="Human_Bomes/Skeleton" index="1"]
transform = Transform( 1, 0, 0, 0, 0, -1, 0, 1, 0, 0, 0.359547, 0 )
joint_offset = Transform( 1, 0, 0, 0, 1, 0, 0, 0, 1, 0, 0, 0.359547 )
body_offset = Transform( 1, 0, 0, 0, 1, 0, 0, 0, 1, 0, 0, -0.359547 )
bone_name = "CORE"

[node name="CollisionShape" type="CollisionShape" parent="Human_Bomes/Skeleton/Physical Bone CORE" index="0"]
transform = Transform( 1, 0, 0, 0, 0, 1, 0, -1, 0, 0, 0, 0 )
shape = SubResource( 1 )

[node name="Physical Bone POS" type="PhysicalBone" parent="Human_Bomes/Skeleton" index="2"]
transform = Transform( 1.00053, 0.00590439, -0.00119098, -0.00598145, 0.951246, -0.310134, -0.000698612, 0.310134, 0.951266, 0.860814, 0.993066, -0.0787922 )
joint_type = 1
joint_offset = Transform( 1, 0, 0, 0, 1, 0, 0, 0, 1, -0.908678, -0.248575, 0.156824 )
body_offset = Transform( 1.00053, 0.00590439, -0.00119098, -0.00598145, 0.951246, -0.310134, -0.000698611, 0.310134, 0.951266, 0.910814, 0.279657, -0.0727246 )
bone_name = "POS"
joint_constraints/bias = 0.3
joint_constraints/damping = 1.0
joint_constraints/impulse_clamp = 0.0

[node name="CollisionShape" type="CollisionShape" parent="Human_Bomes/Skeleton/Physical Bone POS" index="0"]
transform = Transform( 1, 0, 0, 0, 0, 1, 0, -1, 0, 0, 0, 0 )
shape = SubResource( 2 )

[node name="Physical Bone Hip" type="PhysicalBone" parent="Human_Bomes/Skeleton" index="3"]
transform = Transform( 1.00065, -0.00119418, -0.00590377, -0.00598094, -0.310174, -0.95134, -0.000693562, 0.951387, -0.310178, 0.860853, 0.996359, -0.0723645 )
joint_type = 1
joint_offset = Transform( 1, 0, 0, 0, 1, 0, 0, 0, 1, -0.908405, 0.151136, 0.284156 )
body_offset = Transform( 1.00065, -0.00119418, -0.00590377, -0.000693562, 0.951387, -0.310178, 0.00598094, 0.310174, 0.95134, 0.910853, -0.0562802, -0.311774 )
bone_name = "Hip"
joint_constraints/bias = 0.3
joint_constraints/damping = 1.0
joint_constraints/impulse_clamp = 0.0

[node name="CollisionShape" type="CollisionShape" parent="Human_Bomes/Skeleton/Physical Bone Hip" index="0"]
transform = Transform( 1, 0, 0, 0, 0, 1, 0, -1, 0, 0, 0, 0 )
shape = SubResource( 3 )

[node name="Physical Bone ThighL" type="PhysicalBone" parent="Human_Bomes/Skeleton" index="4"]
transform = Transform( 0.601198, -0.652645, -0.46534, 0.0835857, -0.527696, 0.84792, -0.797321, -0.547163, -0.261883, 0.17143, 0.0927415, -0.0989537 )
joint_type = 1
joint_offset = Transform( 1, 0, 0, 0, 1, 0, 0, 0, 1, -0.118712, -0.249558, 0.534634 )
body_offset = Transform( 0.702629, -0.632627, -0.331985, 0.705781, 0.68744, 0.183581, 0.111893, -0.362661, 0.927544, 0.103024, 0.157192, -0.573118 )
bone_name = "Thigh.L"
joint_constraints/bias = 0.3
joint_constraints/damping = 1.0
joint_constraints/impulse_clamp = 0.0

[node name="CollisionShape" type="CollisionShape" parent="Human_Bomes/Skeleton/Physical Bone ThighL" index="0"]
transform = Transform( 1, 0, 0, 0, 0, 1, 0, -1, 0, 0, 0, 0 )
shape = SubResource( 4 )

[node name="Physical Bone CalfL" type="PhysicalBone" parent="Human_Bomes/Skeleton" index="5"]
transform = Transform( 0.258868, 0.150597, -0.956177, 0.960959, -0.16038, 0.234943, -0.117528, -0.977775, -0.185538, 0.201956, -0.304838, -0.456935 )
joint_type = 1
joint_offset = Transform( 1, 0, 0, 0, 1, 0, 0, 0, 1, 0.557392, -0.606852, 0.212512 )
body_offset = Transform( 0.433205, 0.237115, -0.871902, 0.157068, 0.932858, 0.331744, 0.889905, -0.280327, 0.365944, 0.0877181, 0.408058, -0.74391 )
bone_name = "Calf.L"
joint_constraints/bias = 0.3
joint_constraints/damping = 1.0
joint_constraints/impulse_clamp = 0.0

[node name="CollisionShape" type="CollisionShape" parent="Human_Bomes/Skeleton/Physical Bone CalfL" index="0"]
transform = Transform( 1, 0, 0, 0, 0, 1, 0, -1, 0, 0, 0, 0 )
shape = SubResource( 5 )

[node name="Physical Bone FootL" type="PhysicalBone" parent="Human_Bomes/Skeleton" index="6"]
transform = Transform( 0.380314, 0.661668, 0.650429, 0.275273, 0.592198, -0.761918, -0.88528, 0.467806, 0.0419674, -0.37031, 0.41698, -1.28402 )
joint_type = 1
joint_offset = Transform( 1, 0, 0, 0, 1, 0, 0, 0, 1, -1.04878, 0.703665, 0.62397 )
body_offset = Transform( -0.438676, -0.65606, -0.618723, -0.227866, 0.747846, -0.629664, 0.871853, -0.134497, -0.475529, 0.387635, -0.372323, 1.30574 )
bone_name = "Foot.L"
joint_constraints/bias = 0.3
joint_constraints/damping = 1.0
joint_constraints/impulse_clamp = 0.0

[node name="CollisionShape" type="CollisionShape" parent="Human_Bomes/Skeleton/Physical Bone FootL" index="0"]
transform = Transform( 1, 0, 0, 0, 0, 1, 0, -1, 0, 0, 0, 0 )
shape = SubResource( 6 )

[node name="Physical Bone ThighR" type="PhysicalBone" parent="Human_Bomes/Skeleton" index="7"]
transform = Transform( 0.672259, 0.72033, -0.180368, 0.490156, -0.248522, 0.837583, 0.557014, -0.650229, -0.519485, 0.21907, 1.16795, 0.00202498 )
joint_type = 1
joint_offset = Transform( 1, 0, 0, 0, 1, 0, 0, 0, 1, -0.473434, -0.108983, -0.35238 )
body_offset = Transform( 0.748513, 0.599029, -0.290226, -0.49436, 0.793335, 0.360481, 0.444779, -0.126157, 0.888761, 0.317386, -0.020561, 0.510006 )
bone_name = "Thigh.R"
joint_constraints/bias = 0.3
joint_constraints/damping = 1.0
joint_constraints/impulse_clamp = 0.0

[node name="CollisionShape" type="CollisionShape" parent="Human_Bomes/Skeleton/Physical Bone ThighR" index="0"]
transform = Transform( 1, 0, 0, 0, 0, 1, 0, -1, 0, 0, 0, 0 )
shape = SubResource( 7 )

[node name="Physical Bone CalfR" type="PhysicalBone" parent="Human_Bomes/Skeleton" index="8"]
transform = Transform( -0.297426, 0.52461, 0.800648, -0.147163, -0.853508, 0.504526, 0.945228, 0.0320356, 0.330257, -0.57504, 0.0363925, -0.26325 )
joint_type = 1
joint_offset = Transform( 1, 0, 0, 0, 1, 0, 0, 0, 1, 0.0949481, -0.0457635, 0.623173 )
body_offset = Transform( -0.133481, 0.516691, 0.848521, -0.992354, -0.0322355, -0.136093, -0.0427164, -0.858338, 0.515894, -0.492456, 0.177556, -0.356716 )
bone_name = "Calf.R"
joint_constraints/bias = 0.3
joint_constraints/damping = 1.0
joint_constraints/impulse_clamp = 0.0

[node name="CollisionShape" type="CollisionShape" parent="Human_Bomes/Skeleton/Physical Bone CalfR" index="0"]
transform = Transform( 1, 0, 0, 0, 0, 1, 0, -1, 0, 0, 0, 0 )
shape = SubResource( 8 )

[node name="Physical Bone FootR" type="PhysicalBone" parent="Human_Bomes/Skeleton" index="9"]
transform = Transform( 0.865087, -0.0888648, -0.497598, 0.0692243, 0.997713, -0.0577775, 0.500677, 0.0155408, 0.867432, -0.171198, 0.0499966, -1.50318 )
joint_type = 1
joint_offset = Transform( 1, 0, 0, 0, 1, 0, 0, 0, 1, 0.793796, 0.0320833, 1.27281 )
body_offset = Transform( -0.906867, 0.0935601, 0.415731, 0.28386, 0.861391, 0.425658, -0.317597, 0.502816, -0.806364, 0.187719, -0.794745, 1.26232 )
bone_name = "Foot.R"
joint_constraints/bias = 0.3
joint_constraints/damping = 1.0
joint_constraints/impulse_clamp = 0.0

[node name="CollisionShape" type="CollisionShape" parent="Human_Bomes/Skeleton/Physical Bone FootR" index="0"]
transform = Transform( 1, 0, 0, 0, 0, 1, 0, -1, 0, 0, 0, 0 )
shape = SubResource( 9 )

[node name="Physical Bone Spine1" type="PhysicalBone" parent="Human_Bomes/Skeleton" index="10"]
transform = Transform( -0.987309, -0.162979, -0.0289554, -0.164146, 0.987084, 0.0487977, 0.0207125, 0.0517291, -1.00358, 0.833549, 1.02624, 0.190965 )
joint_type = 1
joint_offset = Transform( 1, 0, 0, 0, 1, 0, 0, 0, 1, 0.915899, -0.1656, 0.216296 )
body_offset = Transform( 0.984426, 0.179309, 0.0306876, -0.0328111, 0.00944646, 1.00461, 0.178833, -0.985562, 0.0142258, -0.878578, -0.185678, -0.330079 )
bone_name = "Spine1"
joint_constraints/bias = 0.3
joint_constraints/damping = 1.0
joint_constraints/impulse_clamp = 0.0

[node name="CollisionShape" type="CollisionShape" parent="Human_Bomes/Skeleton/Physical Bone Spine1" index="0"]
transform = Transform( 1, 0, 0, 0, 0, 1, 0, -1, 0, 0, 0, 0 )
shape = SubResource( 10 )

[node name="Physical Bone Spine2" type="PhysicalBone" parent="Human_Bomes/Skeleton" index="11"]
transform = Transform( 0.932205, 0.248216, -0.254587, 0.340135, -0.417687, 0.84302, 0.102863, -0.874166, -0.475045, 0.853598, 0.883211, 0.279971 )
joint_type = 1
joint_offset = Transform( 1, 0, 0, 0, 1, 0, 0, 0, 1, -0.905391, 0.066605, 0.294277 )
body_offset = Transform( 0.920802, 0.25869, -0.284117, 0.154473, -0.927001, -0.342234, -0.351486, 0.272008, -0.89628, 0.900064, 0.302313, -0.0725942 )
bone_name = "Spine2"
joint_constraints/bias = 0.3
joint_constraints/damping = 1.0
joint_constraints/impulse_clamp = 0.0

[node name="CollisionShape" type="CollisionShape" parent="Human_Bomes/Skeleton/Physical Bone Spine2" index="0"]
transform = Transform( 1, 0, 0, 0, 0, 1, 0, -1, 0, 0, 0, 0 )
shape = SubResource( 11 )

[node name="Physical Bone Spine3" type="PhysicalBone" parent="Human_Bomes/Skeleton" index="12"]
transform = Transform( 0.880113, 0.0359331, -0.495754, 0.378936, 0.608251, 0.713097, 0.325445, -0.80665, 0.514458, 0.92423, 0.847927, 0.121648 )
joint_type = 1
joint_offset = Transform( 1, 0, 0, 0, 1, 0, 0, 0, 1, -0.871605, 0.0934252, 0.416948 )
body_offset = Transform( 0.862981, -0.000837743, -0.526103, 0.434326, -0.575611, 0.707916, -0.301214, -0.831033, -0.490936, 0.971615, 0.137173, 0.0197946 )
bone_name = "Spine3"
joint_constraints/bias = 0.3
joint_constraints/damping = 1.0
joint_constraints/impulse_clamp = 0.0

[node name="CollisionShape" type="CollisionShape" parent="Human_Bomes/Skeleton/Physical Bone Spine3" index="0"]
transform = Transform( 1, 0, 0, 0, 0, 1, 0, -1, 0, 0, 0, 0 )
shape = SubResource( 12 )

[node name="Physical Bone ShoulderR" type="PhysicalBone" parent="Human_Bomes/Skeleton" index="13"]
transform = Transform( 0.0386366, 0.34308, 0.939154, -0.702656, -0.659328, 0.269751, 0.711311, -0.669913, 0.215418, 0.897361, 0.776402, 0.0701528 )
joint_type = 3
joint_offset = Transform( 1, 0, 0, 0, 1, 0, 0, 0, 1, -0.29982, -0.388145, -0.867527 )
body_offset = Transform( -0.585102, 0.769611, -0.257888, -0.80989, -0.574723, 0.122384, -0.0540138, 0.280341, 0.959008, -0.100429, -0.359726, 0.924584 )
bone_name = "Shoulder.R"
joint_constraints/angular_limit_enabled = false
joint_constraints/angular_limit_upper = 90.0
joint_constraints/angular_limit_lower = -90.0
joint_constraints/angular_limit_bias = 0.3
joint_constraints/angular_limit_softness = 0.9
joint_constraints/angular_limit_relaxation = 1.0

[node name="CollisionShape" type="CollisionShape" parent="Human_Bomes/Skeleton/Physical Bone ShoulderR" index="0"]
transform = Transform( 1, 0, 0, 0, 0, 1, 0, -1, 0, 0, 0, 0 )
shape = SubResource( 13 )

[node name="Physical Bone BicepR" type="PhysicalBone" parent="Human_Bomes/Skeleton" index="14"]
transform = Transform( 0.251863, 0.702159, 0.667147, -0.818417, 0.522854, -0.241657, -0.518058, -0.484714, 0.705842, 0.871617, 0.937306, 0.181324 )
joint_type = 3
joint_offset = Transform( 1, 0, 0, 0, 1, 0, 0, 0, 1, -0.177362, -0.562156, -0.869639 )
body_offset = Transform( 0.641426, 0.408627, -0.650488, -0.694288, -0.0544738, -0.718886, -0.328882, 0.911815, 0.248522, -0.222214, -0.778934, 0.670376 )
bone_name = "Bicep.R"
joint_constraints/angular_limit_enabled = false
joint_constraints/angular_limit_upper = 90.0
joint_constraints/angular_limit_lower = -90.0
joint_constraints/angular_limit_bias = 0.3
joint_constraints/angular_limit_softness = 0.9
joint_constraints/angular_limit_relaxation = 1.0

[node name="CollisionShape" type="CollisionShape" parent="Human_Bomes/Skeleton/Physical Bone BicepR" index="0"]
transform = Transform( 1, 0, 0, 0, 0, 1, 0, -1, 0, 0, 0, 0 )
shape = SubResource( 14 )

[node name="Physical Bone ForarmR" type="PhysicalBone" parent="Human_Bomes/Skeleton" index="15"]
transform = Transform( 0.520298, -0.442382, 0.731652, -0.593877, 0.428756, 0.681771, -0.614784, -0.788592, -0.0396769, 0.538312, 1.001, 0.00560143 )
joint_type = 3
joint_offset = Transform( 1, 0, 0, 0, 1, 0, 0, 0, 1, -0.314627, 0.351665, -0.670677 )
body_offset = Transform( 0.700909, 0.674455, -0.234977, -0.700599, 0.713238, -0.0428763, 0.138735, 0.194454, 0.97193, -0.174251, -0.500005, 0.627118 )
bone_name = "Forarm.R"
joint_constraints/angular_limit_enabled = false
joint_constraints/angular_limit_upper = 90.0
joint_constraints/angular_limit_lower = -90.0
joint_constraints/angular_limit_bias = 0.3
joint_constraints/angular_limit_softness = 0.9
joint_constraints/angular_limit_relaxation = 1.0

[node name="CollisionShape" type="CollisionShape" parent="Human_Bomes/Skeleton/Physical Bone ForarmR" index="0"]
transform = Transform( 1, 1.49012e-08, 0, -2.98023e-08, 4.47035e-08, 1, -2.98023e-08, -1, 2.23517e-08, 0, 0, 0 )
shape = SubResource( 15 )

[node name="Physical Bone ShoulderL" type="PhysicalBone" parent="Human_Bomes/Skeleton" index="16"]
transform = Transform( -0.0397942, 0.626484, -0.77845, 0.700842, -0.536961, -0.4682, -0.710743, -0.564858, -0.418202, 1.01157, 0.825564, 0.112493 )
joint_type = 3
joint_offset = Transform( 1, 0, 0, 0, 1, 0, 0, 0, 1, 0.297946, -0.638324, 0.791198 )
body_offset = Transform( -0.584717, -0.64652, -0.489432, 0.781985, -0.293124, -0.548756, 0.211004, -0.704247, 0.677799, 0.148763, 0.0140775, -1.04868 )
bone_name = "Shoulder.L"
joint_constraints/angular_limit_enabled = false
joint_constraints/angular_limit_upper = 90.0
joint_constraints/angular_limit_lower = -90.0
joint_constraints/angular_limit_bias = 0.3
joint_constraints/angular_limit_softness = 0.9
joint_constraints/angular_limit_relaxation = 1.0

[node name="CollisionShape" type="CollisionShape" parent="Human_Bomes/Skeleton/Physical Bone ShoulderL" index="0"]
transform = Transform( 1, 0, 0, 0, 0, 1, 0, -1, 0, 0, 0, 0 )
shape = SubResource( 16 )

[node name="Physical Bone BicepL" type="PhysicalBone" parent="Human_Bomes/Skeleton" index="17"]
transform = Transform( -0.686006, 0.28133, -0.672125, 0.726224, 0.18831, -0.662248, -0.0597267, -0.941771, -0.33321, 0.880653, 1.05755, 0.191172 )
joint_type = 3
joint_offset = Transform( 1, 0, 0, 0, 1, 0, 0, 0, 1, 0.521326, 0.000857094, 0.676965 )
body_offset = Transform( 0.0426076, -0.898213, -0.439213, -0.050002, 0.437181, -0.898753, 0.998628, 0.0602231, -0.0262185, 0.275889, 0.634117, -0.502913 )
bone_name = "Bicep.L"
joint_constraints/angular_limit_enabled = false
joint_constraints/angular_limit_upper = 90.0
joint_constraints/angular_limit_lower = -90.0
joint_constraints/angular_limit_bias = 0.3
joint_constraints/angular_limit_softness = 0.9
joint_constraints/angular_limit_relaxation = 1.0

[node name="CollisionShape" type="CollisionShape" parent="Human_Bomes/Skeleton/Physical Bone BicepL" index="0"]
transform = Transform( 1, 0, 0, 0, 0, 1, 0, -1, 0, 0, 0, 0 )
shape = SubResource( 17 )

[node name="Physical Bone ForarmL" type="PhysicalBone" parent="Human_Bomes/Skeleton" index="18"]
transform = Transform( -0.513256, 0.851156, -0.113054, 0.784618, 0.518585, 0.340995, 0.348559, 0.0863415, -0.93356, 1.15267, 1.14921, 0.54846 )
joint_type = 3
joint_offset = Transform( 1, 0, 0, 0, 1, 0, 0, 0, 1, 0.0639484, -1.02942, 0.567517 )
body_offset = Transform( 0.611495, 0.157362, -0.775727, 0.0452473, 0.971942, 0.232666, 0.790302, -0.177247, 0.587118, 0.563125, 0.865599, -0.566199 )
bone_name = "Forarm.L"
joint_constraints/angular_limit_enabled = false
joint_constraints/angular_limit_upper = 90.0
joint_constraints/angular_limit_lower = -90.0
joint_constraints/angular_limit_bias = 0.3
joint_constraints/angular_limit_softness = 0.9
joint_constraints/angular_limit_relaxation = 1.0

[node name="CollisionShape" type="CollisionShape" parent="Human_Bomes/Skeleton/Physical Bone ForarmL" index="0"]
transform = Transform( 1, 0, 0, 0, 0, 1, 0, -1, 0, 0, 0, 0 )
shape = SubResource( 18 )

[node name="Physical Bone Neck" type="PhysicalBone" parent="Human_Bomes/Skeleton" index="19"]
transform = Transform( -0.35015, 0.553464, -0.758928, -0.083659, -0.825018, -0.56314, -0.935807, -0.133281, 0.334202, 0.930204, 1.41749, 0.572859 )
joint_type = 1
joint_offset = Transform( 1, 0, 0, 0, 1, 0, 0, 0, 1, 0.966557, -0.138191, 0.728364 )
body_offset = Transform( 0.364768, -0.658537, 0.661945, 0.92009, 0.131315, -0.375975, 0.160364, 0.744195, 0.652121, -0.92571, -0.597326, -0.527142 )
bone_name = "Neck"
joint_constraints/bias = 0.3
joint_constraints/damping = 1.0
joint_constraints/impulse_clamp = 0.0

[node name="CollisionShape" type="CollisionShape" parent="Human_Bomes/Skeleton/Physical Bone Neck" index="0"]
transform = Transform( 1, 0, 0, 0, 0, 1, 0, -1, 0, 0, 0, 0 )
shape = SubResource( 19 )

[node name="Spine2" type="BoneAttachment" parent="Human_Bomes/Skeleton" index="20"]
transform = Transform( 0.999444, 0.00137388, -0.0332957, -0.0331196, 0.151456, -0.987909, 0.00368556, 0.988463, 0.151418, -0.048799, 0.795517, -0.0111788 )
bone_name = "Spine2"

[node name="Cat4" parent="Human_Bomes/Skeleton/Spine2" index="0" groups=[
"Cats",
] instance=ExtResource( 6 )]
transform = Transform( -0.57958, -0.777176, 0.245119, -0.647274, 0.621776, 0.440942, -0.495099, 0.0969016, -0.863415, -0.0763135, 0.000249438, 0.0382984 )

[node name="Cat5" parent="Human_Bomes/Skeleton/Spine2" index="1" groups=[
"Cats",
] instance=ExtResource( 6 )]
transform = Transform( -0.242316, 0.970135, 0.0108764, 0.890182, 0.217859, 0.400141, 0.385822, 0.106642, -0.916389, 0.0554044, -0.0144411, 0.0630177 )

[node name="Spine3" type="BoneAttachment" parent="Human_Bomes/Skeleton" index="21"]
transform = Transform( 0.998744, 0.00760172, -0.0495112, -0.0494029, 0.312802, -0.948533, 0.00827674, 0.949788, 0.312785, -0.0462282, 0.871795, -0.02287 )
bone_name = "Spine3"

[node name="Cat" parent="Human_Bomes/Skeleton/Spine3" index="0" groups=[
"Cats",
] instance=ExtResource( 6 )]

[node name="Cat4" parent="Human_Bomes/Skeleton/Spine3" index="1" groups=[
"Cats",
] instance=ExtResource( 6 )]
transform = Transform( 0.788272, -0.615312, 0.00414561, -0.585651, -0.748171, 0.311854, -0.188786, -0.248254, -0.950121, -0.051, -0.031, -0.085 )

[node name="Cat5" parent="Human_Bomes/Skeleton/Spine3" index="2" groups=[
"Cats",
] instance=ExtResource( 6 )]
transform = Transform( 0.963531, 0.202712, 0.174689, 0.134077, -0.930661, 0.340429, 0.231586, -0.304591, -0.9239, 0.075, -0.047, -0.092 )

[node name="Head" type="BoneAttachment" parent="Human_Bomes/Skeleton" index="22"]
transform = Transform( -0.972023, 0.119222, -0.202377, 0.228129, 0.274043, -0.934268, -0.0559256, -0.954299, -0.293574, -0.0300279, 1.09387, -0.068136 )
bone_name = "Head"

[node name="Cat2" parent="Human_Bomes/Skeleton/Head" index="0" groups=[
"Cats",
] instance=ExtResource( 6 )]
transform = Transform( -0.973499, 0.115921, -0.197132, 0.226634, 0.373701, -0.899436, -0.030595, -0.920276, -0.39007, -0.007, 0.008, -0.046 )

[node name="Hat" type="Spatial" parent="Human_Bomes/Skeleton/Head" index="1"]
transform = Transform( -0.971468, 0.0529439, -0.231183, 0.236738, 0.15773, -0.958686, -0.014292, -0.986061, -0.165764, -0.00597826, -0.00540441, -0.177804 )

[node name="RigidBody" type="RigidBody" parent="Human_Bomes/Skeleton/Head/Hat" index="0"]
collision_layer = 7
collision_mask = 7
mass = 0.1
script = ExtResource( 4 )
IsHat = true

[node name="CollisionShape" type="CollisionShape" parent="Human_Bomes/Skeleton/Head/Hat/RigidBody" index="0"]
transform = Transform( 1, 1.02445e-08, 2.98023e-08, 9.49949e-08, 0.998652, 0.0519003, -7.45058e-08, -0.0519003, 0.998652, 0.00312153, -0.00880313, 0.00138502 )
shape = SubResource( 20 )

[node name="Hat" type="MeshInstance" parent="Human_Bomes/Skeleton/Head/Hat/RigidBody" index="1"]
transform = Transform( 0.0483, 1.59314e-09, -1.54628e-09, -1.59314e-09, 0.0483001, 1.49943e-09, 8.43431e-10, 9.5953e-23, 0.0483, 2.33202e-08, -0.0212529, 0.00316616 )
mesh = ExtResource( 7 )
material/0 = ExtResource( 5 )

[node name="Cat_00" type="MeshInstance" parent="Human_Bomes/Skeleton/Head/Hat/RigidBody" index="2"]
transform = Transform( 0.0483, 1.59314e-09, -1.54628e-09, -1.59314e-09, 0.0483001, 1.49943e-09, 8.43431e-10, 9.5953e-23, 0.0483, 2.33202e-08, -0.0212529, 0.00316616 )
visible = false
mesh = ExtResource( 7 )
material/0 = null

[node name="Cat_01" type="MeshInstance" parent="Human_Bomes/Skeleton/Head/Hat/RigidBody" index="3"]
transform = Transform( 0.0483, 1.59314e-09, -1.54628e-09, -1.59314e-09, 0.0483001, 1.49943e-09, 8.43431e-10, 9.5953e-23, 0.0483, 2.33202e-08, -0.0212529, 0.00316616 )
visible = false
mesh = ExtResource( 7 )
material/0 = null

[node name="BicepR" type="BoneAttachment" parent="Human_Bomes/Skeleton" index="23"]
transform = Transform( 0.0145176, -0.69148, 0.72225, -0.153878, 0.712176, 0.684928, -0.987983, -0.121082, -0.0960646, -0.147953, 0.998691, -0.068135 )
bone_name = "Bicep.R"

[node name="Cat2" parent="Human_Bomes/Skeleton/BicepR" index="0" groups=[
"Cats",
] instance=ExtResource( 6 )]
transform = Transform( -0.979658, -0.188412, -0.0690711, -0.17774, 0.974465, -0.137203, 0.0931581, -0.122135, -0.988132, -0.00699993, 0.00800002, -0.046 )

[node name="BicepL" type="BoneAttachment" parent="Human_Bomes/Skeleton" index="24"]
transform = Transform( 0.0132952, 0.76029, -0.649447, 0.152503, 0.640365, 0.752779, 0.988214, -0.109051, -0.107432, 0.0682571, 0.987997, -0.0663432 )
bone_name = "Bicep.L"

[node name="Cat2" parent="Human_Bomes/Skeleton/BicepL" index="0" groups=[
"Cats",
] instance=ExtResource( 6 )]
transform = Transform( 0.981986, -0.188412, -0.0143296, 0.188744, 0.974465, 0.121622, -0.00895139, -0.122135, 0.992474, -0.00403776, -0.00732023, -0.0440798 )

[node name="Hip" type="BoneAttachment" parent="Human_Bomes/Skeleton" index="25"]
transform = Transform( 1, 5.55112e-17, 7.88861e-31, -1.32134e-28, 1.19209e-07, -1, -5.55112e-17, 1, 1.42111e-14, -0.05, 0.684585, -0.0160843 )
bone_name = "Hip"

[node name="Cat2" parent="Human_Bomes/Skeleton/Hip" index="0" groups=[
"Cats",
] instance=ExtResource( 6 )]
transform = Transform( -0.215942, -0.188412, 0.958056, -0.162426, 0.974465, 0.155029, -0.962802, -0.122135, -0.241031, 0.00720563, 0.0485154, -0.0560211 )

[node name="Cat3" parent="Human_Bomes/Skeleton/Hip" index="1" groups=[
"Cats",
] instance=ExtResource( 6 )]
transform = Transform( 0.680531, -0.0606003, -0.73021, -0.110943, -0.993605, -0.0209353, -0.724272, 0.0952585, -0.682903, -0.026364, -0.0580665, -0.0668725 )

[node name="ThighL" type="BoneAttachment" parent="Human_Bomes/Skeleton" index="26"]
transform = Transform( 0.985747, -0.109355, -0.12723, 0.110506, -0.147407, 0.982883, -0.126531, -0.982626, -0.133145, 0.0141462, 0.667836, -0.00776459 )
bone_name = "Thigh.L"

[node name="Cat2" parent="Human_Bomes/Skeleton/ThighL" index="0" groups=[
"Cats",
] instance=ExtResource( 6 )]
transform = Transform( -0.0369687, 0.999193, -0.0156374, 0.998082, 0.0361407, -0.0502762, -0.0496705, -0.0174659, -0.998614, 0.00621585, -0.00244148, -0.0595343 )

[node name="Cat3" parent="Human_Bomes/Skeleton/ThighL" index="1" groups=[
"Cats",
] instance=ExtResource( 6 )]
transform = Transform( -0.965322, 0.260421, 0.00879556, -0.254281, -0.934759, -0.248672, -0.0565208, -0.242366, 0.968531, 0.0154403, -0.0147418, -0.156734 )

[node name="ThighR" type="BoneAttachment" parent="Human_Bomes/Skeleton" index="27"]
transform = Transform( 0.983686, 0.172877, 0.0481612, -0.0243269, -0.137429, 0.990213, 0.178082, -0.974902, -0.130932, -0.114146, 0.667836, -0.00776459 )
bone_name = "Thigh.R"

[node name="Cat2" parent="Human_Bomes/Skeleton/ThighR" index="0" groups=[
"Cats",
] instance=ExtResource( 6 )]
transform = Transform( -0.450807, -0.881569, -0.14074, 0.887099, -0.425409, -0.17859, 0.0975367, -0.20543, 0.973794, -0.0257609, -0.00478917, -0.0589153 )

[node name="Cat3" parent="Human_Bomes/Skeleton/ThighR" index="1" groups=[
"Cats",
] instance=ExtResource( 6 )]
transform = Transform( -0.969531, 0.00522979, -0.244333, 0.0721269, -0.949261, -0.306592, -0.233469, -0.314978, 0.91993, -0.033852, -0.0204207, -0.163561 )

[node name="CalfL" type="BoneAttachment" parent="Human_Bomes/Skeleton" index="28"]
transform = Transform( 0.977528, -0.135433, -0.161062, 0.172734, 0.0791993, 0.981779, -0.120502, -0.98722, 0.100836, 0.0516582, 0.378047, 0.0314914 )
bone_name = "Calf.L"

[node name="Cat2" parent="Human_Bomes/Skeleton/CalfL" index="0" groups=[
"Cats",
] instance=ExtResource( 6 )]
transform = Transform( -0.991685, -0.0991568, 0.0754323, 0.0702905, -0.945691, -0.319002, 0.102928, -0.311133, 0.944781, 0.001035, -0.0157723, -0.0642706 )

[node name="Cat3" parent="Human_Bomes/Skeleton/CalfL" index="1" groups=[
"Cats",
] instance=ExtResource( 6 )]
transform = Transform( 0.765525, 0.579155, 0.280137, -0.591455, 0.804915, -0.0475051, -0.252956, -0.129326, 0.958858, 0.0201943, 0.00723913, -0.163523 )

[node name="CalfR" type="BoneAttachment" parent="Human_Bomes/Skeleton" index="29"]
transform = Transform( 0.985368, 0.168225, -0.0243522, 0.00672422, 0.104584, 0.994493, 0.170126, -0.979779, 0.101884, -0.128346, 0.375886, 0.030839 )
bone_name = "Calf.R"

[node name="Cat2" parent="Human_Bomes/Skeleton/CalfR" index="0" groups=[
"Cats",
] instance=ExtResource( 6 )]
transform = Transform( 0.99415, -0.103205, 0.00309246, -0.103067, -0.992727, 0.0693675, -0.00408489, -0.0693474, -0.997618, 0.00370038, 0.00983147, -0.0624821 )

[node name="Cat3" parent="Human_Bomes/Skeleton/CalfR" index="1" groups=[
"Cats",
] instance=ExtResource( 6 )]
transform = Transform( 0.37107, -0.928298, -0.0240209, 0.927261, 0.369139, 0.0614387, -0.0482456, -0.045083, 0.997893, -0.0141942, 0.00568486, -0.164829 )

[node name="FootL" type="BoneAttachment" parent="Human_Bomes/Skeleton" index="30"]
transform = Transform( -0.99771, -0.00243843, -0.0664253, -0.0367213, 0.853222, 0.520253, 0.0557236, 0.521356, -0.851102, 0.102264, 0.0695725, -0.000191346 )
bone_name = "Foot.L"

[node name="Cat2" parent="Human_Bomes/Skeleton/FootL" index="0" groups=[
"Cats",
] instance=ExtResource( 6 )]
transform = Transform( -0.993403, 4.2608e-08, -0.110172, -0.0521957, 0.880936, 0.471156, 0.0969544, 0.474256, -0.875179, 0.00028415, 0.00789822, -0.05816 )

[node name="StaticBody" type="StaticBody" parent="Human_Bomes/Skeleton/FootL" index="1"]
transform = Transform( 1, 1.97906e-08, -1.11759e-08, -2.04891e-08, 0.863413, -0.504497, 0, 0.504498, 0.863413, 0, 0, 0 )
collision_mask = 4

[node name="CollisionShape" type="CollisionShape" parent="Human_Bomes/Skeleton/FootL/StaticBody" index="0"]
shape = SubResource( 21 )

[node name="FootR" type="BoneAttachment" parent="Human_Bomes/Skeleton" index="31"]
transform = Transform( -0.995704, -0.0424818, 0.0813156, 0.00650244, 0.851419, 0.524446, -0.0918191, 0.522561, -0.847225, -0.120694, 0.0634166, -0.00117284 )
bone_name = "Foot.R"

[node name="Cat2" parent="Human_Bomes/Skeleton/FootR" index="0" groups=[
"Cats",
] instance=ExtResource( 6 )]
transform = Transform( -0.999472, 9.68575e-08, 0.00544547, 0.00257998, 0.880936, 0.474035, -0.00479217, 0.474256, -0.880526, 0.0100114, 0.00560474, -0.05708 )

[node name="StaticBody" type="StaticBody" parent="Human_Bomes/Skeleton/FootR" index="1"]
transform = Transform( 1, 1.86265e-08, -1.49012e-08, -2.98023e-08, 0.863413, -0.504497, 7.45058e-09, 0.504498, 0.863413, 0, 0, 0 )
collision_mask = 4

[node name="CollisionShape" type="CollisionShape" parent="Human_Bomes/Skeleton/FootR/StaticBody" index="0"]
shape = SubResource( 21 )

[node name="HandL" type="BoneAttachment" parent="Human_Bomes/Skeleton" index="32"]
transform = Transform( -0.118013, 0.824833, -0.552923, 0.277145, 0.562047, 0.77929, 0.953553, -0.0612737, -0.294927, 0.292845, 0.726532, 0.00443875 )
bone_name = "Hand.L"

[node name="Cat2" parent="Human_Bomes/Skeleton/HandL" index="0" groups=[
"Cats",
] instance=ExtResource( 6 )]
transform = Transform( -0.999472, 0.00224619, 0.00496119, 0.00257999, 0.998107, 0.0688469, -0.00479224, 0.0688897, -0.997647, 0.0102115, 0.00838226, -0.0973285 )

[node name="StaticBody" type="StaticBody" parent="Human_Bomes/Skeleton/HandL" index="1"]
transform = Transform( 1, 0, 0, -2.23517e-08, 1, -3.53903e-08, 0, 3.72529e-09, 1, 0, -5.96046e-08, -0.0973457 )
collision_mask = 4

[node name="CollisionShape" type="CollisionShape" parent="Human_Bomes/Skeleton/HandL/StaticBody" index="0"]
shape = SubResource( 21 )

[node name="HandR" type="BoneAttachment" parent="Human_Bomes/Skeleton" index="33"]
transform = Transform( -0.127441, -0.764479, 0.631927, -0.266237, 0.640106, 0.720682, -0.955446, -0.0763982, -0.285108, -0.398387, 0.760724, -0.0012898 )
bone_name = "Hand.R"

[node name="Cat2" parent="Human_Bomes/Skeleton/HandR" index="0" groups=[
"Cats",
] instance=ExtResource( 6 )]
transform = Transform( -0.999472, 0.00224619, 0.00496119, 0.00257999, 0.998107, 0.0688469, -0.00479224, 0.0688897, -0.997647, 0.0102115, 0.00838226, -0.0973285 )

[node name="StaticBody2" type="StaticBody" parent="Human_Bomes/Skeleton/HandR" index="1"]
collision_mask = 4

[node name="CollisionShape" type="CollisionShape" parent="Human_Bomes/Skeleton/HandR/StaticBody2" index="0"]
shape = SubResource( 21 )

[node name="ArmL" type="BoneAttachment" parent="Human_Bomes/Skeleton" index="34"]
transform = Transform( -0.0923182, 0.777151, -0.622506, 0.296716, 0.618245, 0.727828, 0.950493, -0.117516, -0.287668, 0.179495, 0.85906, -0.0479421 )
bone_name = "Forarm.L"

[node name="Cat2" parent="Human_Bomes/Skeleton/ArmL" index="0" groups=[
"Cats",
] instance=ExtResource( 6 )]
transform = Transform( 0.876282, -0.480628, 0.0237017, 0.480709, 0.87654, -0.0331881, -0.00481926, 0.0405148, 0.999201, 0.0108442, 0.00705951, -0.0781859 )

[node name="ArmR" type="BoneAttachment" parent="Human_Bomes/Skeleton" index="35"]
transform = Transform( -0.105421, -0.710299, 0.695961, -0.286935, 0.691821, 0.66261, -0.952132, -0.129843, -0.276742, -0.271661, 0.881377, -0.051681 )
bone_name = "Forarm.R"

[node name="Cat2" parent="Human_Bomes/Skeleton/ArmR" index="0" groups=[
"Cats",
] instance=ExtResource( 6 )]
transform = Transform( 0.638207, -0.76977, -0.0173668, 0.767588, 0.635884, 0.0790362, -0.0497451, -0.0638335, 0.996753, 0.0119224, 0.00555003, -0.032738 )

[node name="Neck" type="BoneAttachment" parent="Human_Bomes/Skeleton" index="36"]
transform = Transform( -0.989719, 0.0359397, -0.138435, 0.139414, 0.0263333, -0.989884, -0.0319307, -0.999007, -0.031073, -0.0374959, 1.04047, -0.0698123 )
bone_name = "Neck"

[node name="Cat2" parent="Human_Bomes/Skeleton/Neck" index="0" groups=[
"Cats",
] instance=ExtResource( 6 )]
transform = Transform( -0.988105, 0.0490622, -0.145743, 0, 0.947741, 0.319043, 0.153779, 0.315248, -0.936467, 0.00778584, -0.00707579, 0.0468356 )

[node name="AnimationTree" type="AnimationTree" parent="." index="2"]
tree_root = SubResource( 30 )
anim_player = NodePath("../AnimationPlayer")
active = true
process_mode = 0
parameters/playback = SubResource( 31 )
parameters/Root/Speed/scale = 0.0
parameters/Root/WalkDirection/blend_position = Vector2( 0, 0 )
